0 2.621441E-09 0
0.02 2.621441E-09 1.598128E-19
0.34 0.003191798 3.196257E-19
0.36 0.004353064 2.369203E-07
0.38 0.005030801 6.775986E-07
0.4 0.008306471 1.266179E-06
0.42 0.008306471 2.870771E-06
0.44 0.01867042 1.291565E-05
0.46 0.01867042 2.102228E-05
0.48 0.0156345 2.91289E-05
0.5 0.01457318 3.48135E-05
0.52 0.01675867 3.975251E-05
0.54 0.0170343 5.281543E-05
0.56 0.01579162 5.956351E-05
0.58 0.01398114 6.536293E-05
0.6 0.01398114 6.990879E-05
0.62 0.01688245 7.445466E-05
0.64 0.03115511 0.000103656
0.66 0.01773768 0.0001262291
0.68 0.0223066 0.000133546
0.7 0.02589944 0.0001451177
0.72 0.02589944 0.0001607173
0.74 0.01825325 0.000187488
0.76 0.01825325 0.0001952364
0.78 0.02306899 0.0002029849
0.8 0.02404356 0.0002153611
0.82 0.02404356 0.0002288051
0.84 0.008844217 0.0002458289
0.86 0.01052615 0.000247648
0.88 0.01052615 0.0002502247
0.9 0.008348724 0.0002528014
0.92 0.005012215 0.0002550066
0.94 0.004649837 0.0002555909
0.96 0.006211432 0.0002560937
0.98 0.006205156 0.0002569909
1 0.006205156 0.0002578864
1.02 0.01169774 0.0002591706
1.04 0.01169774 0.0002623529
1.06 0.01735731 0.0002655351
1.08 0.01423311 0.0002723046
1.1 0.01348479 0.0002765752
1.12 0.01600847 0.0002828396
1.14 0.01651548 0.0002871949
1.16 0.01651548 0.0002850978
1.18 0.01434425 0.0002833345
1.2 0.01341958 0.0002800129
1.22 0.01321124 0.0002776363
1.24 0.008130762 0.0002751638
1.26 0.006351697 0.0002701698
1.28 0.006351697 0.0002643599
1.3 0.006334308 0.0002594987
1.32 0.005118898 0.0002521923
1.34 0.005118898 0.0002461734
1.36 0.004940659 0.0002242097
1.38 0.004970561 0.0002022043
1.4 0.004970561 0.000195462
1.42 0.004172272 0.0001694116
1.44 0.01472856 0.0001542169
1.48 0.02181303 0.0001480905
1.5 0.02546222 0.0001514074
1.52 0.02795203 0.0001587364
1.54 0.01746361 0.0001692564
1.56 0.02079555 0.0001629048
1.58 0.02079555 0.0001693822
1.6 0.02284013 0.0001776203
1.62 0.02221096 0.0001955785
1.64 0.02221096 0.0002054302
1.66 0.02283812 0.0002163187
1.68 0.02492939 0.0002278642
1.7 0.02492939 0.0002418143
1.72 0.02103207 0.0002658549
1.74 0.01815343 0.0002752466
1.76 0.01815343 0.0002825217
1.78 0.0188531 0.0002870033
1.8 0.01892627 0.0002920871
1.82 0.01567211 0.0002970301
1.84 0.01467458 0.0002985133
1.86 0.02804383 0.0002992924
1.88 0.02804383 0.0003116223
1.9 0.03082023 0.0003235687
1.92 0.01600286 0.0003404864
1.94 0.03049124 0.000342254
1.96 0.01343234 0.0003598163
1.98 0.02707175 0.0003599533
2 0.02707175 0.0003754597
2.02 0.02657207 0.000396703
2.04 0.02657207 0.0004121902
2.06 0.01344523 0.0004277583
2.08 0.01717363 0.000431353
2.1 0.01505605 0.0004423066
2.12 0.01515319 0.0004470037
2.14 0.01497516 0.0004517692
2.16 0.01311721 0.0004564381
2.18 0.01311721 0.0004600347
2.2 0.01101856 0.0004519496
2.22 0.01101856 0.0004396958
2.24 0.01033243 0.0004243491
2.26 0.007578612 0.0004086617
2.28 0.007578612 0.0004029049
2.3 0.0107452 0.000386292
2.32 0.01603142 0.0003768452
2.34 0.01603142 0.0003718423
2.36 0.01493776 0.0003663465
2.38 0.01210072 0.000360063
2.4 0.01011652 0.0003402909
2.42 0.008742732 0.0003282181
2.44 0.006725491 0.0003186153
2.46 0.006725491 0.0003093801
2.48 0.007779793 0.0003027681
2.5 0.008922732 0.0002900972
2.52 0.009120113 0.0002836184
2.54 0.008717153 0.0002772225
2.56 0.008153398 0.0002732777
2.58 0.008153398 0.0002698157
2.6 0.007642745 0.0002360136
2.62 0.007642745 0.0002152816
2.64 0.006662731 0.0002106844
2.66 0.005381837 0.0002057612
2.68 0.006521238 0.0001848135
2.7 0.009457631 0.0001655518
2.72 0.01699272 0.0001505882
2.74 0.01699272 0.0001512273
2.76 0.01949836 0.0001415222
2.78 0.01294163 0.0001340302
2.8 0.01294163 0.0001310663
2.82 0.01644758 0.0001296896
2.84 0.01465637 0.0001307091
2.86 0.01465637 0.0001303647
2.88 0.01070561 0.0001281227
2.9 0.009350209 0.0001267867
2.92 0.009350209 0.0001247961
2.94 0.005450135 0.0001240058
2.96 0.003542273 0.0001218731
2.98 0.004499353 0.0001186383
3 0.003942422 0.0001177733
3.02 0.002523314 0.0001159692
3.04 0.002523314 0.0001134322
3.06 0.001934067 0.0001076034
3.08 0.00263068 9.668518E-05
3.1 0.002661232 9.344082E-05
3.12 0.01435855 9.020023E-05
3.14 0.02296013 9.261475E-05
3.16 0.02670881 0.0001143047
3.18 0.02310787 0.0001298426
3.2 0.02310787 0.000140853
3.22 0.02031275 0.0001514195
3.24 0.02069209 0.0001591635
3.26 0.02198666 0.0001766614
3.28 0.02078537 0.0001863576
3.3 0.02726531 0.0001948589
3.32 0.02726531 0.0002109159
3.34 0.02880929 0.0002268458
3.36 0.02083917 0.0002655596
3.38 0.02083917 0.0002749854
3.4 0.02063253 0.0002840957
3.42 0.02110208 0.0002930067
3.44 0.02110208 0.0003012824
3.46 0.01705785 0.0003069083
3.58 0.007233728 0.0003048335
3.6 0.008055629 0.0003001672
3.62 0.009275565 0.0002977813
3.64 0.009275565 0.0002934909
3.66 0.009981598 0.0002904962
3.68 0.01316399 0.0002878176
3.7 0.01550183 0.0002912331
3.72 0.01403966 0.0002947885
3.74 0.01167045 0.0002973393
3.76 0.01167045 0.000299816
3.78 0.009049084 0.0003026916
3.8 0.008760027 0.000305618
3.82 0.006805126 0.0003070411
3.84 0.006150548 0.00030797
3.86 0.004705232 0.0003087017
3.88 0.004705232 0.0003091295
3.9 0.004687701 0.0003097925
3.92 0.004687701 0.0003101388
3.94 0.004561065 0.0003058552
3.96 0.005106544 0.0002940793
3.98 0.005150903 0.000282426
4 0.005549513 0.0002546523
4.02 0.004856756 0.0002429505
4.04 0.004856756 0.0002339036
4.06 0.005166481 0.0002244949
4.08 0.004099358 0.0002031033
4.1 0.004099358 0.0001934468
4.12 0.004167812 0.0001765493
4.14 0.004290967 0.000159665
4.16 0.004290967 0.0001407914
4.18 0.003102049 0.0001096239
4.2 0.002564209 9.974835E-05
4.22 0.002564209 9.000123E-05
4.24 0.002153179 7.979837E-05
4.26 0.002623439 6.955044E-05
4.28 0.003550906 5.440327E-05
4.3 0.003864122 5.34796E-05
4.32 0.004505614 5.152413E-05
4.34 0.004505614 5.048709E-05
4.36 0.004299559 4.895837E-05
4.38 0.004585762 4.555946E-05
4.4 0.005573881 4.20185E-05
4.42 0.005751462 3.8711E-05
4.44 0.004994451 3.389176E-05
4.46 0.004994451 2.988786E-05
4.48 0.003431094 2.452784E-05
4.5 0.003431094 2.289729E-05
4.52 0.002548311 2.138646E-05
4.54 0.002623016 1.975288E-05
4.56 0.003865528 1.883591E-05
4.58 0.00383916 1.813628E-05
4.6 0.004171878 1.796419E-05
4.62 0.004171878 1.7899E-05
4.64 0.004552013 1.779272E-05
4.66 0.004687624 1.776356E-05
4.68 0.00432716 1.76198E-05
4.7 0.003871062 1.743823E-05
4.72 0.003279086 1.71697E-05
4.74 0.003279086 1.670355E-05
4.76 0.002135541 1.640504E-05
4.78 0.003926654 1.540052E-05
4.8 0.003926654 1.528711E-05
4.82 0.006938898 1.525488E-05
4.84 0.01264869 1.59838E-05
4.86 0.01535358 2.259299E-05
4.88 0.01651782 2.764694E-05
4.9 0.01285052 3.368548E-05
4.92 0.01285052 3.730207E-05
4.94 0.01091405 4.098953E-05
4.96 0.01171693 4.669166E-05
4.98 0.01455046 4.972431E-05
5 0.01482318 5.448788E-05
5.02 0.01228519 5.930455E-05
5.04 0.01228519 6.246722E-05
5.06 0.0106642 6.764218E-05
5.08 0.0106642 6.985704E-05
5.1 0.007382472 7.201276E-05
5.12 0.006832591 7.279118E-05
5.14 0.006197935 7.315434E-05
5.16 0.005399243 7.359166E-05
5.18 0.004078832 7.368951E-05
5.2 0.004078832 7.368168E-05
5.26 0.004588671 7.379481E-05
5.28 0.00586093 7.465854E-05
5.3 0.006107365 7.529738E-05
5.32 0.006087911 7.581733E-05
5.34 0.006087911 7.633175E-05
5.36 0.00551639 7.685091E-05
5.38 0.002218548 7.686524E-05
5.4 0.002218548 7.649782E-05
5.42 0.001937075 7.610127E-05
5.44 0.002274135 7.575309E-05
5.46 0.002274135 7.543791E-05
5.48 0.002862429 7.507828E-05
5.5 0.002977973 7.501876E-05
5.52 0.002977973 7.511895E-05
5.54 0.003165685 7.526646E-05
5.56 0.003070506 7.514094E-05
5.58 0.002937596 7.410115E-05
5.6 0.002175991 7.058116E-05
5.62 0.003344505 6.697059E-05
5.64 0.003344505 6.174858E-05
5.66 0.004002518 5.272786E-05
5.68 0.004002518 4.926006E-05
5.7 0.00423258 4.686247E-05
5.72 0.003038395 4.408638E-05
5.74 0.003038395 4.110837E-05
5.76 0.002590697 3.146393E-05
5.78 0.006485112 2.811011E-05
5.8 0.006485112 2.557827E-05
5.82 0.004139745 2.394705E-05
5.84 0.002207278 2.170083E-05
5.86 0.002685681 1.806964E-05
5.88 0.002313425 1.71517E-05
5.9 0.002006353 1.63828E-05
5.92 0.002006353 1.558306E-05
5.94 0.001399333 1.499873E-05
5.96 0.001126036 1.429995E-05
5.98 0.001065789 1.383976E-05
6 0.001149348 1.306733E-05
6.02 0.001261956 1.22992E-05
6.04 0.001261956 1.14688E-05
6.06 0.003488203 9.891302E-06
6.08 0.003488203 9.466581E-06
6.1 0.004077076 9.633388E-06
6.12 0.003509349 9.905494E-06
6.14 0.004400628 1.007744E-05
6.16 0.004134044 1.077063E-05
6.18 0.00556629 1.10478E-05
6.2 0.005895445 1.164971E-05
6.22 0.005895445 1.226745E-05
6.24 0.002621517 1.28695E-05
6.26 0.0007322564 1.282308E-05
6.28 0.001140399 1.241348E-05
6.3 0.001208085 1.222447E-05
6.32 0.001188859 1.205772E-05
6.34 0.001188859 1.198048E-05
6.36 0.0009657621 1.175321E-05
6.38 0.0007732611 1.062407E-05
6.4 0.00081716 1.026542E-05
6.42 0.0008616009 9.908385E-06
6.44 0.003166363 9.509027E-06
6.46 0.01575159 9.545957E-06
6.48 0.02512128 1.514161E-05
6.5 0.02512128 2.966178E-05
6.52 0.02202481 4.335996E-05
6.54 0.02063881 5.366309E-05
6.56 0.02055589 7.288391E-05
6.58 0.01623289 8.254279E-05
6.6 0.01375607 8.850311E-05
6.62 0.01375607 9.277935E-05
6.64 0.01095287 9.708641E-05
6.66 0.008499897 0.0001024783
6.68 0.008499897 0.000104129
6.7 0.006917708 0.0001057797
6.72 0.006202915 0.0001068662
6.74 0.006202915 0.0001077302
6.76 0.0097513 0.000109935
6.78 0.007477787 0.000112037
6.8 0.007477787 0.0001130544
6.82 0.00723411 0.0001140719
6.84 0.00657262 0.0001149023
6.86 0.007940719 0.0001156206
6.88 0.006051749 0.0001176526
6.9 0.005549493 0.0001181069
6.92 0.005549493 0.0001181026
6.94 0.003954145 0.0001180105
6.96 0.004309057 0.000117815
6.98 0.004309057 0.0001182344
7 0.004506649 0.0001186359
7.02 0.006007503 0.000119078
7.04 0.006007503 0.0001198834
7.06 0.007430353 0.0001217134
7.08 0.01298737 0.0001229757
7.1 0.01298737 0.0001268843
7.12 0.01187023 0.000130793
7.14 0.01124709 0.0001340543
7.16 0.01059149 0.0001396875
7.18 0.008491365 0.0001420631
7.2 0.008673546 0.0001379699
7.22 0.008673546 0.0001250432
7.24 0.009165547 0.0001121165
7.26 0.008893977 9.472248E-05
7.28 0.01182739 8.673546E-05
7.3 0.0249803 8.016204E-05
7.32 0.01681207 8.854596E-05
7.34 0.01681207 9.071843E-05
7.36 0.02459184 0.0001014975
7.38 0.02459184 0.0001128205
7.4 0.01912984 0.0001252045
7.42 0.01711302 0.0001320348
7.44 0.02266513 0.0001377325
7.46 0.02069467 0.0001598363
7.48 0.01071917 0.000168412
7.5 0.01071917 0.0001688728
7.52 0.007147202 0.0001702445
7.54 0.006409886 0.0001705611
7.56 0.006409886 0.000170512
7.58 0.004375889 0.0001700011
7.6 0.005467262 0.00016898
7.62 0.005467262 0.0001688234
7.64 0.006860044 0.0001694291
7.66 0.007861206 0.0001701599
7.68 0.007861206 0.000171188
7.7 0.01642201 0.0001721934
7.72 0.02618464 0.0001780333
7.74 0.02156834 0.0002086117
7.76 0.02070224 0.0002185908
7.78 0.01950385 0.0002275014
7.8 0.01950385 0.000235064
7.82 0.01746637 0.0002399879
7.84 0.01268025 0.0002436225
7.86 0.01184508 0.00024442
7.88 0.01230822 0.0002447411
7.9 0.01098316 0.0002456554
7.92 0.01098316 0.0002467839
7.94 0.006858356 0.0002473895
7.96 0.006858356 0.0002465297
7.98 0.00560932 0.000245784
8 0.004943645 0.0002446761
8.02 0.00433516 0.0002419913
8.04 0.003866176 0.0002217803
8.059999 0.003464985 0.0002155547
8.08 0.003464985 0.0002044374
8.099999 0.002603861 0.0001906525
8.12 0.0190304 0.0001708982
8.139999 0.0190304 0.0001725098
8.16 0.01881755 0.0001689854
8.179999 0.02120818 0.0001652736
8.2 0.02120818 0.000165774
8.22 0.02162786 0.0001809691
8.24 0.0184669 0.0001906594
8.26 0.0184669 0.0001969441
8.28 0.01882826 0.0002039195
8.3 0.01892878 0.0002112082
8.32 0.01663803 0.0002267328
8.34 0.01710932 0.0002324755
8.36 0.01650509 0.0002379402
8.38 0.01650509 0.000243181
8.4 0.01678912 0.0002480792
8.42 0.01824109 0.0002546636
8.44 0.01639365 0.0002464567
8.46 0.01504951 0.0002367617
8.48 0.01457012 0.0002312104
8.5 0.01457012 0.0002261803
8.52 0.02228302 0.0002183553
8.54 0.02228302 0.0002228079
8.559999 0.029392 0.0002306159
8.58 0.01468429 0.0002469671
8.599999 0.02807392 0.0002635246
8.62 0.01262616 0.0002790483
8.639999 0.02660061 0.0002799504
8.66 0.02660061 0.0002951067
8.679999 0.01047405 0.0003104684
8.7 0.009276178 0.0003210308
8.72 0.009276178 0.0003224635
8.74 0.01332538 0.0003240276
8.76 0.00956565 0.00032772
8.78 0.00956565 0.0003295003
8.8 0.008479649 0.0003326886
8.82 0.007759527 0.0003342031
8.84 0.007759527 0.0003329407
8.86 0.009720346 0.0003259187
8.88 0.009132321 0.0003196938
8.9 0.01032255 0.0003048778
8.92 0.008374842 0.0002968957
8.94 0.01135398 0.0002884475
8.96 0.01135398 0.0002805673
8.98 0.01745887 0.0002756344
9 0.02007058 0.0002747922
9.02 0.01821413 0.0002752987
9.04 0.01595208 0.0002746815
9.059999 0.01397343 0.0002741616
9.08 0.01397343 0.0002718948
9.099999 0.01279066 0.0002701003
9.12 0.01143345 0.000263789
9.139999 0.01143345 0.000259091
9.16 0.01443037 0.000254393
9.179999 0.01588364 0.0002529857
9.2 0.01543572 0.000254516
9.22 0.01534358 0.00025512
9.24 0.01438085 0.0002556639
9.26 0.01438085 0.0002489262
9.28 0.0132997 0.0002421884
9.3 0.01249711 0.0002248289
9.32 0.01191033 0.000210132
9.34 0.01077025 0.000195102
9.36 0.009194157 0.0001940922
9.38 0.009194157 0.0001796024
9.4 0.02048209 0.0001748718
9.42 0.02048209 0.0001747912
9.44 0.01207779 0.0001825463
9.46 0.01194916 0.0001839376
9.48 0.01651482 0.0001831287
9.5 0.01206841 0.0001915583
9.52 0.007391443 0.0001933267
9.54 0.007391443 0.000192925
9.559999 0.01072605 0.0001927953
9.58 0.008686068 0.0001940706
9.599999 0.003850061 0.000193443
9.62 0.003188446 0.0001918482
9.639999 0.004367277 0.0001896066
9.66 0.004367277 0.000188419
9.679999 0.002136413 0.0001831012
9.7 0.002136413 0.0001761187
9.719999 0.002362931 0.0001668568
9.74 0.003228088 0.0001592714
9.76 0.002760289 0.0001517985
9.78 0.01392475 0.0001416942
9.8 0.02228134 0.0001416626
9.82 0.02228134 0.0001494035
9.84 0.02548186 0.0001581745
9.86 0.02188795 0.000170235
9.88 0.0224561 0.000185221
9.9 0.02399645 0.0001910812
9.92 0.03001879 0.0001986053
9.94 0.03001879 0.0002140209
9.96 0.02617695 0.0002295023
9.98 0.0198871 0.0002465058
10 0.0198871 0.0002515899
10.02 0.01685059 0.0002571555
10.04 0.01521038 0.0002601267
10.06 0.01521038 0.0002622081
10.08 0.01311221 0.0002680928
10.1 0.01401748 0.0002701253
10.12 0.01401748 0.0002623844
10.14 0.01411217 0.0002571977
10.16 0.01399752 0.000252073
10.18 0.01409491 0.0002544731
10.2 0.02952177 0.0002527505
10.22 0.03200466 0.000266676
10.24 0.03200466 0.0002871098
10.26 0.03228515 0.0003096601
10.28 0.0316177 0.0003532026
10.3 0.03000352 0.0003746964
10.32 0.02463874 0.000393877
10.34 0.02382566 0.0004076501
10.36 0.0183284 0.000433373
10.38 0.01404601 0.0004407417
10.4 0.01236498 0.0004450953
10.42 0.01236498 0.0004485448
10.44 0.01526125 0.0004519943
10.46 0.01580596 0.0004572809
10.48 0.01598523 0.0004684812
10.5 0.01565377 0.0004742465
10.52 0.01604094 0.0004754358
10.54 0.01604094 0.0004698743
10.56 0.01237871 0.0004541136
10.58 0.01237871 0.0004465357
10.6 0.01031357 0.0004383719
10.62 0.01761281 0.0004291183
10.64 0.01765562 0.0004229411
10.66 0.01822119 0.0003955268
10.68 0.0165576 0.0003873124
10.7 0.0165576 0.0003830013
10.72 0.01611848 0.0003801793
10.74 0.01633022 0.0003770237
10.76 0.01818808 0.000378935
10.78 0.01734858 0.0003812478
10.8 0.01471816 0.0003830793
10.82 0.01471816 0.0003841188
10.84 0.01093427 0.000384587
10.86 0.007947511 0.0003800755
10.88 0.007947511 0.0003769879
10.9 0.007755659 0.0003739003
10.92 0.00739731 0.000370679
10.94 0.00739731 0.0003516833
10.96 0.006642615 0.000306427
10.98 0.006427347 0.0002832129
11 0.006427347 0.0002609252
11.02 0.006719604 0.0002386376
11.04 0.01505576 0.0002187525
11.06 0.01823048 0.0002019763
11.08 0.01575594 0.0001965039
11.1 0.0130075 0.0001944648
11.12 0.0130075 0.0001938114
11.14 0.011221 0.0001932033
11.16 0.011221 0.000190715
11.18 0.01133752 0.0001878332
11.2 0.0103529 0.0001850125
11.22 0.0103529 0.0001815627
11.24 0.005669919 0.0001742339
11.26 0.004165279 0.0001689975
11.28 0.004165279 0.0001644996
11.3 0.004041001 0.0001613395
11.32 0.003814863 0.0001581557
11.34 0.003648452 0.0001491447
11.36 0.003180659 0.000142205
11.38 0.002200976 0.0001351909
11.4 0.002200976 0.0001275824
11.42 0.00151564 0.0001213193
11.44 0.001045469 0.0001089805
11.46 0.001912132 0.0001028042
11.48 0.007867459 9.519602E-05
11.5 0.01529976 8.894231E-05
11.52 0.01529976 8.73867E-05
11.54 0.01647537 8.798428E-05
11.56 0.01647537 9.151636E-05
11.58 0.01738696 9.591976E-05
11.6 0.01387572 0.0001014812
11.62 0.01178804 0.0001044899
11.64 0.01250785 0.0001082816
11.66 0.01059311 0.0001106474
11.68 0.01059311 0.0001121441
11.7 0.009015421 0.0001137275
11.72 0.008903895 0.0001148145
11.74 0.008903895 0.0001156081
11.76 0.00888444 0.0001121803
11.78 0.01081547 0.0001087444
11.8 0.01081547 0.0001037357
11.82 0.00648209 9.820158E-05
11.84 0.005183998 9.524397E-05
11.86 0.005183998 9.33006E-05
11.88 0.006291876 9.099742E-05
11.9 0.007084557 8.898991E-05
11.92 0.008599879 8.584247E-05
11.94 0.008729293 8.50698E-05
11.96 0.008499376 8.498064E-05
11.98 0.008499376 8.591299E-05
12 0.007811073 8.71895E-05
12.02 0.007176236 8.90228E-05
12.04 0.007680453 8.988199E-05
12.06 0.006408241 9.09154E-05
12.08 0.00541048 9.156085E-05
12.1 0.00541048 9.200636E-05
12.12 0.005681686 9.29702E-05
12.14 0.005681686 9.366752E-05
12.16 0.005393672 9.439282E-05
12.18 0.005964811 9.504396E-05
12.2 0.004820103 9.48872E-05
12.22 0.004001254 8.998372E-05
12.24 0.003483343 8.491227E-05
12.26 0.003483343 7.99651E-05
12.28 0.00341674 7.393477E-05
12.3 0.005166089 6.129914E-05
12.32 0.005166089 5.744224E-05
12.34 0.00607468 5.483133E-05
12.36 0.006274921 5.245793E-05
12.38 0.006592704 4.973533E-05
12.4 0.006592704 4.813649E-05
12.42 0.00411272 4.518454E-05
12.44 0.00411272 4.445971E-05
12.46 0.003554316 4.300936E-05
12.48 0.003747513 4.145945E-05
12.5 0.003747513 3.99504E-05
12.52 0.00202435 3.502422E-05
12.54 0.002064481 3.366593E-05
12.56 0.002064481 3.27879E-05
12.58 0.001990808 3.226204E-05
12.6 0.001436579 3.086063E-05
12.62 0.001436579 2.974139E-05
12.64 0.001386268 2.862215E-05
12.66 0.00150009 2.694689E-05
12.68 0.00150009 2.522712E-05
12.7 0.002489004 2.19731E-05
12.72 0.002489004 2.069827E-05
12.74 0.003638036 1.964471E-05
12.76 0.003869914 1.875487E-05
12.78 0.004897544 1.773131E-05
12.8 0.003690659 1.721115E-05
12.82 0.003734396 1.684714E-05
12.84 0.003734396 1.666309E-05
12.86 0.004297876 1.623667E-05
12.88 0.005431055 1.591551E-05
12.9 0.005615066 1.583074E-05
12.92 0.004495826 1.602366E-05
12.94 0.002446644 1.59534E-05
12.96 0.002446644 1.572028E-05
12.98 0.002147679 1.557732E-05
13 0.0006249036 1.516761E-05
13.02 0.0006249036 1.474092E-05
13.04 0.000438539 1.412934E-05
13.06 0.0004427577 1.351314E-05
13.08 0.0004627418 1.17484E-05
13.1 0.003058901 1.074259E-05
13.12 0.02192254 9.949407E-06
13.14 0.02192254 2.058903E-05
13.16 0.02476153 3.137236E-05
13.18 0.02634812 6.108886E-05
13.2 0.02416482 7.690698E-05
13.22 0.02328513 9.016035E-05
13.24 0.01963927 0.0001025817
13.26 0.01963927 0.0001114562
13.28 0.01905074 0.0001279617
13.3 0.01905074 0.0001363098
13.32 0.01925231 0.000144698
13.34 0.01912951 0.0001532698
13.36 0.01778645 0.000161732
13.38 0.01681774 0.0001763492
13.4 0.0151625 0.0001828745
13.42 0.0151625 0.0001881674
13.44 0.01306173 0.0001933699
13.46 0.01184721 0.0001971934
13.48 0.01035561 0.0002022954
13.5 0.009643032 0.0002042315
13.52 0.008758663 0.0002058362
13.54 0.008758663 0.0002073035
13.56 0.007115112 0.0002087632
13.58 0.009447207 0.0002108341
13.6 0.009447207 0.0002122237
13.62 0.00787419 0.0002135661
13.64 0.006167544 0.0002142748
13.66 0.006167544 0.0002146893
13.68 0.005064451 0.0002160909
13.7 0.005704071 0.0002165801
13.72 0.005704071 0.0002173001
13.74 0.007571134 0.0002180477
13.76 0.02509275 0.0002340101
13.78 0.02272127 0.0002486485
13.8 0.02075219 0.0002606499
13.82 0.01915257 0.0002706601
13.84 0.01915257 0.0002789732
13.86 0.01723833 0.0002727578
13.88 0.01580224 0.0002654095
13.9 0.01580224 0.000255072
13.92 0.01423926 0.0002447345
13.94 0.01870111 0.0002358698
13.96 0.02804085 0.0002305574
13.98 0.02649562 0.0002398733
14 0.02649562 0.0002484654
14.02 0.02358667 0.0002563512
14.04 0.02240064 0.0002608489
14.06 0.02083303 0.0002654818
14.08 0.01917585 0.000268218
14.1 0.01829874 0.0002694123
14.12 0.01829874 0.0002706218
14.14 0.01605578 0.0002730624
14.16 0.01017703 0.0002733705
14.18 0.01017703 0.0002725151
14.2 0.008806016 0.0002724298
14.22 0.007845432 0.0002717393
14.24 0.007845432 0.0002710081
14.26 0.00662626 0.0002699543
14.28 0.006682885 0.000269798
14.3 0.006682885 0.0002691892
14.32 0.006121143 0.0002681523
14.34 0.004910817 0.000266948
14.36 0.007726679 0.0002657432
14.38 0.02072543 0.000266247
14.4 0.02074102 0.000275441
14.42 0.02074102 0.0002848489
14.44 0.0179989 0.0003027532
14.46 0.0179989 0.0003089541
14.48 0.01585089 0.0003018451
14.5 0.01250888 0.0002930452
14.52 0.01135055 0.0002846782
14.54 0.009571888 0.0002721245
14.56 0.007421662 0.0002657246
14.58 0.007421662 0.0002593983
14.6 0.005293521 0.0002537686
14.62 0.005231517 0.000248613
14.64 0.005217235 0.00023936
14.66 0.004903903 0.0002318597
14.68 0.004401698 0.0002242857
14.7 0.004401698 0.0002064505
14.72 0.003289083 0.000190575
14.74 0.002918226 0.0001617316
14.76 0.002918226 0.0001502601
14.78 0.01067836 0.0001403648
14.8 0.02312431 0.0001329232
14.82 0.02312431 0.0001368074
14.84 0.0202511 0.0001498266
14.86 0.02471187 0.0001533689
14.88 0.02471187 0.0001639434
14.9 0.02715237 0.0001757365
14.92 0.02246848 0.0001904732
14.94 0.01733441 0.0002004101
14.96 0.02201809 0.0002115232
14.98 0.01910467 0.0002217147
15 0.01910467 0.0002291817
15.02 0.01867002 0.0002366312
15.04 0.01890809 0.0002562286
15.06 0.01890809 0.0002639821
15.08 0.01824733 0.0002717356
15.1 0.01727983 0.0002780905
15.12 0.01727983 0.0002750451
15.14 0.01256822 0.0002669866
15.16 0.01144423 0.000261247
15.18 0.01144423 0.0002567588
15.2 0.01333731 0.0002522707
15.22 0.03382466 0.0002505645
15.24 0.01998011 0.0002798204
15.26 0.03987239 0.000286108
15.28 0.02693695 0.0003209496
15.3 0.02693695 0.000336543
15.32 0.03740019 0.0003521365
15.34 0.03764132 0.0004163284
15.36 0.02589036 0.0004486458
15.38 0.02669275 0.0004636015
15.4 0.009020098 0.000479612
15.42 0.01375542 0.0004824951
15.44 0.01108365 0.0004866438
15.46 0.01108365 0.0004893318
15.48 0.01114944 0.0004919907
15.5 0.01209399 0.0004946836
15.52 0.007371525 0.0004842614
15.54 0.008249952 0.0004730894
15.56 0.005279571 0.0004585145
15.58 0.005963405 0.0004496254
15.6 0.005963405 0.0004362506
15.62 0.009494366 0.0004228759
15.64 0.01656175 0.0004024655
15.66 0.0173212 0.0004018564
15.68 0.01468583 0.0004018458
15.7 0.01512993 0.0003955871
15.72 0.01512993 0.0003924226
15.74 0.01155113 0.0003860594
15.76 0.01155113 0.0003757614
15.78 0.0103717 0.0003705501
15.8 0.00867038 0.0003647375
15.82 0.006373575 0.0003587423
15.84 0.005732191 0.0003467437
15.86 0.006329843 0.0003425015
15.88 0.006329843 0.0003397599
15.9 0.005274676 0.0003376458
15.92 0.005296793 0.000335247
15.94 0.004233881 0.0003055724
15.96 0.003811875 0.0002967054
15.98 0.003799812 0.0002877595
16 0.003799812 0.000251123
16.02 0.002757538 0.0002345844
16.04 0.03055619 0.0001933663
16.06 0.03055619 0.0001821294
16.08 0.02688563 0.0001708925
16.1 0.02498136 0.000172114
16.12 0.02498136 0.0001700574
16.14 0.02818343 0.0001980043
16.16 0.02876967 0.0002120762
16.18 0.02876967 0.000228468
16.2 0.02930048 0.0002448598
16.22 0.02867601 0.0002619344
16.24 0.03018861 0.0002955164
16.26 0.02716907 0.000315447
16.28 0.01985349 0.0003310306
16.3 0.01985349 0.0003395489
16.32 0.01578539 0.0003545995
16.34 0.01578539 0.000358298
16.36 0.01551012 0.000357714
16.38 0.01329485 0.0003569296
16.4 0.01219909 0.0003540629
16.42 0.0113701 0.0003506453
16.44 0.01743775 0.0003483282
16.46 0.01743775 0.0003504921
16.48 0.04417204 0.0003544606
16.5 0.02463717 0.0003967337
16.52 0.04054087 0.0004448221
16.54 0.02700498 0.0004820998
16.56 0.02878949 0.0004981148
16.58 0.02878949 0.0005166259
16.6 0.03269588 0.0005349693
16.62 0.0229955 0.000566501
16.64 0.0229955 0.0005781461
16.66 0.0186051 0.0005900267
16.68 0.01674481 0.0005976598
16.7 0.0141955 0.0006100274
16.72 0.01203003 0.000614378
16.74 0.01103766 0.0006175667
16.76 0.01103766 0.0006123908
16.78 0.008783106 0.0005935106
16.8 0.008367051 0.000558409
16.82 0.006913771 0.0005455239
16.84 0.00656747 0.0005321223
16.86 0.006184249 0.0005159074
16.88 0.006184249 0.0004983246
16.9 0.004988607 0.0004611279
16.92 0.004988607 0.0004417412
16.94 0.004998395 0.0004231963
16.96 0.004537633 0.0004046538
16.98 0.0052857 0.0003839384
17 0.003814533 0.0003589049
17.02 0.004108187 0.0003500767
17.04 0.004108187 0.0003429311
17.06 0.004629078 0.0003375288
17.08 0.004533205 0.0003322322
17.1 0.003598357 0.0003233062
17.12 0.003523824 0.0003201465
17.14 0.003971827 0.0003169744
17.16 0.003971827 0.0003143347
17.18 0.003610418 0.0003076301
17.2 0.005134574 0.000255815
17.22 0.005134574 0.0002423121
17.24 0.003889916 0.0002047029
17.26 0.003857874 0.0001668324
17.28 0.003857874 0.0001502188
17.3 0.005563716 0.0001125032
17.32 0.008056366 8.836217E-05
17.34 0.008056366 8.162199E-05
17.36 0.006952905 7.083389E-05
17.38 0.006288779 5.253038E-05
17.4 0.005719114 4.692945E-05
17.42 0.005393724 4.116944E-05
17.44 0.005393724 3.715967E-05
17.46 0.005768259 3.447061E-05
17.48 0.00412154 3.022154E-05
17.5 0.00412154 2.882257E-05
17.52 0.003060805 2.758953E-05
17.54 0.003025878 2.617932E-05
17.56 0.003025878 2.528062E-05
17.58 0.001961172 2.37311E-05
17.6 0.001647497 2.293112E-05
17.62 0.001647497 2.258298E-05
17.64 0.001607384 2.206735E-05
17.66 0.002325854 2.154868E-05
17.68 0.001939148 2.074043E-05
17.7 0.002178617 2.017814E-05
17.72 0.00299716 1.963879E-05
17.74 0.00299716 1.950931E-05
17.76 0.003395783 1.932572E-05
17.78 0.003116149 1.893157E-05
17.8 0.003116149 1.867949E-05
17.82 0.003539578 1.860419E-05
17.84 0.003172029 1.859444E-05
17.86 0.003172029 1.853966E-05
17.88 0.003300679 1.845267E-05
17.9 0.00192498 1.840289E-05
17.92 0.00192498 1.81597E-05
17.94 0.0009536998 1.763276E-05
17.96 0.0005725877 1.70408E-05
17.98 0.0005165186 1.635804E-05
18 0.0005426697 1.601812E-05
18.02 0.0007713937 1.553616E-05
18.04 0.0007713937 1.483012E-05
18.06 0.001049793 1.184862E-05
18.08 0.001049793 1.074999E-05
18.1 0.001039484 9.855886E-06
18.12 0.00152644 8.961277E-06
18.14 0.00439641 8.254806E-06
18.16 0.004971358 7.800675E-06
18.18 0.005372997 7.601642E-06
18.2 0.005372997 7.629365E-06
18.22 0.007260187 7.90569E-06
18.24 0.005742291 8.736462E-06
18.26 0.005611626 9.804833E-06
18.28 0.0044858 1.032424E-05
18.3 0.006339118 1.066217E-05
18.32 0.006339118 1.150725E-05
18.34 0.004795589 1.237865E-05
18.36 0.003335876 1.304906E-05
18.38 0.005399432 1.318205E-05
18.4 0.004118164 1.373424E-05
18.42 0.002477126 1.404119E-05
18.44 0.002477126 1.407351E-05
18.46 0.002511477 1.415987E-05
18.48 0.002511477 1.403839E-05
18.5 0.001650613 1.395657E-05
18.52 0.001645966 1.379411E-05
18.54 0.002266007 1.345934E-05
18.56 0.002902897 1.334476E-05
18.58 0.003619432 1.330674E-05
18.6 0.003619432 1.319863E-05
18.62 0.003669418 1.324993E-05
18.64 0.002902977 1.38029E-05
18.66 0.002902977 1.397773E-05
18.68 0.003406137 1.416609E-05
18.7 0.002082897 1.442827E-05
18.72 0.002082897 1.452296E-05
18.74 0.002673829 1.465021E-05
18.76 0.00241407 1.480264E-05
18.78 0.00241407 1.491466E-05
18.8 0.002182383 1.502456E-05
18.82 0.00272383 1.51097E-05
18.84 0.001973384 1.537547E-05
18.86 0.001641159 1.501653E-05
18.88 0.001401161 1.462967E-05
18.9 0.001401161 1.410057E-05
18.92 0.0008335246 1.347486E-05
18.94 0.0007961272 1.160856E-05
18.96 0.001729378 1.085646E-05
18.98 0.006576996 1.019368E-05
19 0.008747946 1.046732E-05
19.02 0.007104826 1.262421E-05
19.04 0.006502603 1.286361E-05
19.06 0.006502603 1.331213E-05
19.08 0.008593864 1.403668E-05
19.1 0.008392145 1.549543E-05
19.12 0.006300096 1.64553E-05
19.14 0.004721093 1.77643E-05
19.16 0.004782786 1.813994E-05
19.18 0.004782786 1.831044E-05
19.2 0.004962042 1.869574E-05
19.22 0.003570565 1.965733E-05
19.24 0.003570565 1.989082E-05
19.26 0.004009533 2.006789E-05
19.28 0.002508359 2.032234E-05
19.3 0.002508359 2.027269E-05
19.32 0.001540172 1.986334E-05
19.34 0.001272461 1.960538E-05
19.36 0.001272461 1.923083E-05
19.38 0.001706527 1.907251E-05
19.4 0.003009441 1.894425E-05
19.42 0.003921969 1.899479E-05
19.44 0.004542152 1.925161E-05
19.46 0.007017073 1.968437E-05
19.48 0.007017073 2.06632E-05
19.5 0.008619404 2.167277E-05
19.52 0.01120912 2.607621E-05
19.54 0.01277467 2.882563E-05
19.56 0.004844357 3.244825E-05
19.58 0.001375934 3.290345E-05
19.6 0.001375934 3.288484E-05
19.62 0.0009582522 3.286955E-05
19.64 0.00079316 3.287475E-05
19.66 0.00079316 3.287464E-05
19.68 0.001458641 3.287453E-05
19.7 0.001161793 3.285446E-05
19.72 0.0009430274 3.013158E-05
19.74 0.001132302 2.837257E-05
19.76 0.001532011 2.722847E-05
19.78 0.001532011 2.629971E-05
19.8 0.01782987 2.537095E-05
19.82 0.02260572 4.129281E-05
19.84 0.0209197 5.225388E-05
19.86 0.01842795 6.150837E-05
19.88 0.01582482 6.888746E-05
19.9 0.01582482 7.417933E-05
19.92 0.01343545 8.315262E-05
19.94 0.01343545 8.675151E-05
19.96 0.01223083 9.065296E-05
19.98 0.01296609 9.383541E-05
20 0.01225036 9.73713E-05
20.02 0.01225036 0.000100715
20.08 0.01101409 0.0001040587
20.1 0.009733751 0.0001068263
20.12 0.009807556 0.0001089745
20.16 0.006967752 0.0001111738
20.18 0.006011967 0.0001122652
20.2 0.006011967 0.000113038
20.22 0.006805951 0.0001139781
20.24 0.006805951 0.0001146976
20.26 0.007505768 0.0001152951
20.28 0.006043413 0.0001154601
20.3 0.005381422 0.0001151644
20.32 0.004324604 0.0001118616
20.34 0.003962189 0.0001093746
20.36 0.003962189 0.0001059445
20.38 0.004723127 0.0001057638
20.4 0.004949729 0.0001062386
20.42 0.01508162 0.000112022
20.44 0.01349684 0.0001172903
20.46 0.01393159 0.0001215121
20.48 0.01393159 0.0001260111
20.5 0.01431873 0.0001304753
20.52 0.01152021 0.0001379491
20.54 0.01152021 0.0001410149
20.56 0.01117838 0.0001440715
20.58 0.008172894 0.0001469228
20.6 0.008172894 0.0001484216
20.62 0.02907077 0.0001336777
20.64 0.03089128 0.0001414473
20.66 0.03089128 0.0001534621
20.68 0.0285813 0.0001677571
20.7 0.02281755 0.0001809307
20.72 0.02289682 0.0001950687
20.74 0.02546296 0.0002030629
20.76 0.02557449 0.0002139432
20.78 0.02557449 0.0002256748
20.8 0.02219486 0.0002369757
20.82 0.02019321 0.0002509346
20.84 0.02470871 0.0002575964
20.86 0.0212126 0.0002695911
20.88 0.01978074 0.0002778187
20.9 0.01978074 0.0002857892
20.92 0.01871501 0.0003014486
20.94 0.01620327 0.0003090732
20.96 0.01620327 0.0003141017
20.98 0.01505317 0.0003191302
21 0.01479625 0.0003230897
21.02 0.01534097 0.0003317497
21.04 0.03261225 0.0003365493
21.06 0.02776431 0.0003608483
21.08 0.02776431 0.00037841
21.1 0.0257067 0.0003959718
21.12 0.02397524 0.0004108213
21.14 0.02110773 0.0004316973
21.16 0.01872096 0.000436769
21.18 0.01766065 0.0004406832
21.2 0.01766065 0.000443423
21.22 0.01681313 0.0004461627
21.24 0.01344196 0.0004494021
21.26 0.00776603 0.0004505177
21.28 0.006585507 0.0004488339
21.3 0.006433241 0.0004469365
21.32 0.006018879 0.0004457546
21.34 0.005056324 0.0004436171
21.36 0.005056324 0.0004245579
21.38 0.004104509 0.0004029602
21.4 0.003489814 0.0003811597
21.42 0.002944172 0.0003505391
21.44 0.007329039 0.0003386327
21.46 0.02275151 0.0003276897
21.48 0.02275151 0.0003246495
21.5 0.0288522 0.0003214768
21.52 0.02481413 0.0003261382
21.54 0.02481413 0.0003309748
21.56 0.02139287 0.0003358114
21.58 0.02568542 0.0003322564
21.6 0.02114042 0.0003371347
21.62 0.02114042 0.0003384287
21.64 0.01556788 0.0003408918
21.66 0.01556788 0.0003383827
21.68 0.02077284 0.0003379132
21.7 0.01992818 0.0003418426
21.72 0.01827205 0.0003458085
21.74 0.01655385 0.0003511546
21.76 0.0142674 0.0003520542
21.78 0.01407267 0.0003320542
21.8 0.01407267 0.0003187329
21.82 0.01138316 0.0003054116
21.84 0.01066891 0.0002823361
21.86 0.01227375 0.0002716155
21.88 0.03288618 0.0002647576
21.9 0.01967417 0.0002817582
21.92 0.01967417 0.0002835064
21.94 0.01866064 0.0003080551
21.96 0.01866064 0.0003119512
21.98 0.02484205 0.0003158473
22 0.02531621 0.0003287966
22.02 0.01695233 0.0003426929
22.04 0.01937537 0.0003541345
22.06 0.0115774 0.0003620223
22.08 0.0115774 0.0003645449
22.1 0.01270003 0.0003670675
22.12 0.009717193 0.000372336
22.14 0.009717193 0.0003743303
22.16 0.00882843 0.0003763247
22.18 0.005930901 0.0003768881
22.2 0.005930901 0.0003656682
22.22 0.007564675 0.0003544482
22.24 0.00667396 0.0003250668
22.26 0.00667396 0.000311783
22.28 0.01098257 0.0002984994
22.3 0.0282608 0.0002906613
22.32 0.02701467 0.0003020726
22.34 0.02418183 0.0003086511
22.36 0.023465 0.0003128399
22.38 0.023465 0.0003200084
22.4 0.02128874 0.000327177
22.42 0.02097514 0.0003286775
22.44 0.0185504 0.0003311447
22.46 0.01541242 0.0003313831
22.48 0.01225273 0.0003305345
22.5 0.01225273 0.000329292
22.52 0.008816238 0.0003256531
22.54 0.008816238 0.0003244473
22.56 0.007607026 0.0003236078
22.58 0.006915969 0.0003223064
22.6 0.005417728 0.0003199154
22.62 0.005033449 0.0002871277
22.64 0.005283182 0.0002787152
22.66 0.005283182 0.0002499899
22.68 0.005002407 0.0002425409
22.7 0.009202747 0.0002350247
22.72 0.01899968 0.0002161326
22.74 0.01806885 0.0002178444
22.76 0.0163538 0.0002187537
22.78 0.0163538 0.000216243
22.8 0.01536431 0.0002193456
22.82 0.01926625 0.0002260679
22.84 0.01926625 0.0002325076
22.86 0.02045478 0.0002389439
22.88 0.02058058 0.0002464782
22.9 0.02058058 0.0002545158
22.92 0.01305185 0.0002708698
22.94 0.01152577 0.0002735006
22.96 0.01152577 0.0002759743
22.98 0.01070947 0.0002780278
23 0.009828486 0.0002796593
23.02 0.008905279 0.0002623712
23.04 0.00802123 0.0002456417
23.06 0.007937652 0.0002301661
23.08 0.007937652 0.0002180322
23.1 0.008327388 0.0002066927
23.12 0.03148966 0.0001934356
23.14 0.03148966 0.0002062645
23.16 0.02663837 0.0002190934
23.18 0.02826588 0.0002275931
23.2 0.02826588 0.0002406493
23.22 0.02752411 0.0002557384
23.24 0.02371195 0.0002806922
23.26 0.02371195 0.0002919603
23.28 0.01934434 0.0003032285
23.3 0.01815798 0.0003105851
23.32 0.01815798 0.0003171406
23.34 0.01341758 0.0003354735
23.36 0.01344879 0.0003390711
23.38 0.01344879 0.0003426283
23.4 0.01625148 0.0003461855
23.42 0.01178092 0.0003530037
23.44 0.01088402 0.0003478364
23.46 0.01245125 0.0003421962
23.48 0.008858452 0.000338209
23.5 0.008858452 0.0003338142
23.52 0.0172474 0.0003261358
23.54 0.0172474 0.0003249532
23.56 0.01771639 0.0003232389
23.58 0.0151928 0.0003219059
23.6 0.01375085 0.0003175437
23.62 0.01478728 0.0003066378
23.64 0.01452143 0.0003035833
23.66 0.01452143 0.0003045257
23.68 0.0153107 0.0003063403
23.7 0.01326602 0.0003087025
23.72 0.01047611 0.0003104337
23.74 0.01120445 0.0003111418
23.76 0.01642257 0.000312217
23.78 0.01642257 0.0003169928
23.8 0.01427467 0.0003217997
23.82 0.0133848 0.0003281138
23.84 0.0133848 0.0003238053
23.86 0.01291719 0.0003049112
23.88 0.01326375 0.0002857311
23.9 0.01326375 0.00027332
23.92 0.009822769 0.0002429733
23.94 0.02013244 0.0002275991
23.96 0.02013244 0.0002241171
23.98 0.02769172 0.0002204672
24 0.02650971 0.0002328658
24.02 0.02390167 0.0002415414
24.04 0.02144115 0.0002471595
24.06 0.01930868 0.0002458203
24.08 0.01930868 0.0002503039
24.1 0.01595662 0.0002573159
24.12 0.01595662 0.000257095
24.14 0.01409998 0.0002597886
24.16 0.01283481 0.0002611844
24.18 0.01268768 0.0002622605
24.2 0.01161414 0.0002643174
24.22 0.008783986 0.0002656294
24.24 0.008783986 0.0002652176
24.26 0.008046667 0.000260094
24.28 0.007078197 0.0002546819
24.3 0.006267746 0.0002440933
24.32 0.006263663 0.0002406096
24.34 0.005788726 0.0002371246
24.36 0.005788726 0.0002328187
24.38 0.02515749 0.000228694
24.4 0.03407118 0.0002584059
24.42 0.03407118 0.0002813096
24.44 0.03512683 0.0003057537
24.46 0.03092747 0.0003318966
24.48 0.02633718 0.0003671937
24.5 0.01826527 0.0003770529
24.52 0.02009493 0.0003800727
24.54 0.02009493 0.0003848104
24.56 0.01642546 0.0003900348
24.58 0.02153318 0.0003990457
24.6 0.02197659 0.0004057376
24.62 0.01947582 0.0004128781
24.64 0.01596612 0.0004189764
24.66 0.01596612 0.0004226608
24.68 0.01188639 0.0004136473
24.7 0.01188639 0.0003990998
24.72 0.01217735 0.0003860421
24.74 0.0124458 0.0003731473
24.76 0.0103734 0.0003634637
24.78 0.01080395 0.0003491072
24.8 0.01470793 0.0003431514
24.82 0.01470793 0.0003414279
24.84 0.01744225 0.0003405375
24.86 0.01618106 0.0003416914
24.88 0.01803228 0.0003468878
24.9 0.01949626 0.0003507061
24.92 0.01664461 0.0003558021
24.94 0.01555155 0.000359108
24.96 0.01555155 0.0003629381
24.98 0.01609597 0.0003667681
25 0.01456873 0.0003750583
25.02 0.01091799 0.0003790807
25.04 0.01263654 0.0003809393
25.06 0.01107678 0.0003837404
25.08 0.01107678 0.0003858145
25.1 0.01056334 0.0003755981
25.12 0.01056334 0.0003528441
25.14 0.007908988 0.0003284427
25.16 0.006695365 0.000302901
25.18 0.006736797 0.0002540594
25.2 0.004447579 0.0002328705
25.22 0.006407434 0.0002171992
25.24 0.006407434 0.0002103953
25.26 0.007420542 0.0002019592
25.28 0.008289468 0.0001890136
25.3 0.008289468 0.0001798284
25.32 0.006240629 0.0001706432
25.34 0.00654153 0.0001603171
25.36 0.00654153 0.0001524911
25.38 0.006133742 0.0001422538
25.4 0.005298307 0.0001392186
25.42 0.005298307 0.0001365857
25.44 0.002952828 0.0001339529
25.46 0.003568904 0.0001307071
25.48 0.003487481 0.0001251947
25.5 0.002579404 0.0001229751
25.52 0.003598202 0.0001204152
25.54 0.003598202 0.0001156856
25.56 0.002385837 0.0001109559
25.58 0.001215116 9.795844E-05
25.6 0.001476149 9.043084E-05
25.62 0.001727139 8.291958E-05
25.64 0.003646769 7.414932E-05
25.66 0.003646769 6.801573E-05
25.68 0.00626778 5.740852E-05
25.7 0.00626778 5.2297E-05
25.72 0.008050357 4.827461E-05
25.74 0.006763975 4.484578E-05
25.76 0.00868611 4.117869E-05
25.78 0.01033726 4.007993E-05
25.8 0.008787532 3.971165E-05
25.82 0.008787532 3.907946E-05
25.84 0.004093375 3.82803E-05
25.86 0.003051168 3.478822E-05
25.88 0.003051168 3.396221E-05
25.9 0.002132464 3.312327E-05
25.92 0.002973165 3.217357E-05
25.94 0.002973165 3.191912E-05
25.96 0.002460893 3.036383E-05
25.98 0.002447671 2.922409E-05
26 0.002447671 2.792449E-05
26.02 0.001240793 2.646579E-05
26.04 0.002167745 2.490356E-05
26.06 0.004563207 2.322126E-05
26.08 0.006266929 2.271036E-05
26.1 0.009999465 2.299962E-05
26.12 0.009999465 2.445001E-05
26.14 0.01245543 2.61225E-05
26.16 0.01334086 3.301378E-05
26.18 0.01810737 3.68566E-05
26.2 0.01830578 4.418544E-05
26.22 0.01531669 5.169566E-05
26.24 0.009740151 6.215151E-05
26.26 0.003608036 6.405671E-05
26.28 0.003608036 6.422707E-05
26.3 0.001899863 6.449547E-05
26.32 0.001625832 6.454507E-05
26.34 0.002226086 6.460174E-05
26.36 0.001566227 6.440771E-05
26.38 0.001286381 6.415548E-05
26.4 0.001286381 6.386158E-05
26.42 0.001342454 6.298646E-05
26.44 0.007304636 6.064473E-05
26.46 0.007304636 6.082163E-05
26.48 0.00766237 6.030788E-05
26.5 0.008528335 5.991866E-05
26.52 0.008528335 5.912502E-05
26.54 0.0106452 6.094319E-05
26.56 0.01009569 6.318888E-05
26.58 0.01009569 6.539126E-05
26.6 0.009092873 6.754506E-05
26.62 0.008765619 6.925136E-05
26.64 0.00744118 7.25138E-05
26.66 0.006377991 7.359593E-05
26.68 0.006492826 7.439326E-05
26.7 0.006492826 7.523282E-05
26.72 0.004776921 7.607388E-05
26.74 0.00459189 7.691978E-05
26.76 0.004412654 7.730085E-05
26.78 0.004548172 7.764439E-05
26.8 0.004548172 7.764121E-05
26.82 0.004843022 7.720892E-05
26.84 0.00392133 7.361425E-05
26.86 0.00392133 7.036399E-05
26.88 0.006026366 6.658255E-05
26.9 0.004770485 6.32881E-05
26.92 0.004302835 5.61923E-05
26.94 0.004599513 4.380454E-05
26.96 0.006343537 3.884068E-05
26.98 0.006343537 3.757021E-05
27 0.007954191 3.82033E-05
27.02 0.008153561 3.937193E-05
27.04 0.004725986 4.129199E-05
27.06 0.002151016 4.169617E-05
27.08 0.003855093 4.168853E-05
27.1 0.003855093 4.19771E-05
27.12 0.001594302 4.235119E-05
27.14 0.001208908 4.236839E-05
27.16 0.001208908 4.236525E-05
27.18 0.001133489 4.115836E-05
27.2 0.001461598 3.994736E-05
27.22 0.001715766 3.698987E-05
27.24 0.001668641 3.536688E-05
27.26 0.002797242 3.171327E-05
27.28 0.002797242 2.925988E-05
27.3 0.006263091 2.707154E-05
27.32 0.005544755 2.440566E-05
27.34 0.005815011 2.333377E-05
27.36 0.004896965 2.233326E-05
27.38 0.004174345 2.160324E-05
27.4 0.004174345 2.106246E-05
27.42 0.004246017 2.00604E-05
27.44 0.004246017 1.9949E-05
27.46 0.003218371 1.987791E-05
27.48 0.00273278 1.962843E-05
27.5 0.003211518 1.934929E-05
27.52 0.004378284 1.886687E-05
27.54 0.003435957 1.87672E-05
27.56 0.003435957 1.853122E-05
27.58 0.003434257 1.844817E-05
27.6 0.00274025 1.836486E-05
27.62 0.003338631 1.742487E-05
27.64 0.003294951 1.725353E-05
27.66 0.003541413 1.707544E-05
27.68 0.003541413 1.687512E-05
27.7 0.007281698 1.578369E-05
27.72 0.006900941 1.554541E-05
27.74 0.006900941 1.510686E-05
27.76 0.0069397 1.569496E-05
27.78 0.009956049 1.629553E-05
27.8 0.01139069 2.045268E-05
27.82 0.01180234 2.312444E-05
27.84 0.006204948 2.625844E-05
27.86 0.006204948 2.709471E-05
27.88 0.005498092 2.79561E-05
27.9 0.004771294 2.912466E-05
27.92 0.003845292 2.96044E-05
27.94 0.003393234 2.989859E-05
27.96 0.002707098 3.009789E-05
27.98 0.002707098 3.020357E-05
28 0.002284126 3.014949E-05
28.02 0.002284126 2.935859E-05
28.04 0.002483885 2.876493E-05
28.06 0.00266652 2.819343E-05
28.08 0.003003538 2.75724E-05
28.1 0.00492397 2.702908E-05
28.12 0.006699827 2.718769E-05
28.14 0.006699827 2.76781E-05
28.16 0.008640624 2.830273E-05
28.18 0.01789327 2.961974E-05
28.2 0.01273414 4.04221E-05
28.22 0.0076014 4.395337E-05
28.24 0.006284096 4.505726E-05
28.26 0.006284096 4.552983E-05
28.28 0.01195012 4.617365E-05
28.3 0.00864999 5.207596E-05
28.32 0.00864999 5.364139E-05
28.34 0.003728293 5.512223E-05
28.36 0.005658787 5.518626E-05
28.38 0.005658787 5.567848E-05
28.4 0.008814494 5.793761E-05
28.42 0.005192897 5.925592E-05
28.44 0.005192897 5.864995E-05
28.46 0.002924653 5.816956E-05
28.48 0.004071124 5.726097E-05
28.5 0.005766269 5.652642E-05
28.52 0.005535528 5.340191E-05
28.54 0.004510216 5.109712E-05
28.56 0.004510216 4.833077E-05
28.58 0.004406741 4.790846E-05
28.6 0.004796134 4.74647E-05
28.62 0.005951455 4.759094E-05
28.64 0.006119418 4.788523E-05
28.66 0.003804232 4.841224E-05
28.68 0.002885428 4.848103E-05
28.7 0.002885428 4.850423E-05
28.72 0.00412575 4.853781E-05
28.74 0.00412575 4.881233E-05
28.76 0.004374064 4.908686E-05
28.78 0.003040117 4.938831E-05
28.8 0.001973745 4.943789E-05
28.82 0.00150012 4.919949E-05
28.84 0.001594704 4.868797E-05
28.86 0.001594704 4.770322E-05
28.88 0.001270549 4.671846E-05
28.9 0.0007160036 4.501971E-05
28.92 0.0008809218 3.383277E-05
28.94 0.00107636 3.007969E-05
28.96 0.003261711 2.876288E-05
28.98 0.003261711 2.809192E-05
29 0.006651088 2.742097E-05
29.02 0.008212523 2.353901E-05
29.04 0.008212523 2.336745E-05
29.06 0.006990807 2.31959E-05
29.08 0.007544545 2.400919E-05
29.1 0.006186395 2.458822E-05
29.12 0.004024918 2.352582E-05
29.14 0.004704304 2.209569E-05
29.16 0.004704304 2.198323E-05
29.18 0.004233134 2.187078E-05
29.2 0.004178511 2.208859E-05
29.22 0.003095081 2.210919E-05
29.24 0.002348718 2.106889E-05
29.26 0.002714172 2.048457E-05
29.28 0.002964228 2.018282E-05
29.3 0.002964228 1.991409E-05
29.32 0.00220783 1.966682E-05
29.34 0.00151596 1.847496E-05
29.36 0.004309847 1.770469E-05
29.38 0.003155304 1.726579E-05
29.4 0.004216577 1.716076E-05
29.42 0.004216577 1.738062E-05
29.44 0.004778912 1.820912E-05
29.46 0.004778912 1.834438E-05
29.48 0.004346593 1.847964E-05
29.5 0.003794609 1.847407E-05
29.52 0.001515164 1.859399E-05
29.54 0.001966194 1.851957E-05
29.56 0.002304934 1.855715E-05
29.58 0.002304934 1.862156E-05
29.6 0.002253125 1.868597E-05
29.62 0.002962861 1.890436E-05
29.64 0.002962861 1.909047E-05
29.66 0.003255572 1.927657E-05
29.68 0.003079054 1.949611E-05
29.7 0.003079054 1.946918E-05
29.72 0.004537891 1.868595E-05
29.74 0.00526695 1.762443E-05
29.76 0.00526695 1.670106E-05
29.78 0.008859253 1.577769E-05
29.8 0.01045887 1.646642E-05
29.82 0.01109068 1.934047E-05
29.84 0.01751775 2.131097E-05
29.86 0.01751775 2.807078E-05
29.88 0.01893088 3.469266E-05
29.9 0.01145706 4.251238E-05
29.92 0.01037582 4.724592E-05
29.94 0.01277399 4.952679E-05
29.96 0.00830848 5.309878E-05
29.98 0.00830848 5.457586E-05
30 0.00620983 5.600991E-05
30.02 0.009966134 5.727666E-05
30.04 0.009966134 5.947315E-05
30.06 0.01370582 6.172957E-05
30.08 0.009305417 6.604472E-05
30.1 0.006379565 6.762649E-05
30.12 0.006502499 6.887445E-05
30.14 0.008950038 6.944429E-05
30.16 0.008950038 7.054869E-05
30.18 0.008484718 7.188044E-05
30.2 0.008527913 7.427543E-05
30.22 0.006587525 7.563186E-05
30.24 0.008757835 7.658767E-05
30.26 0.01235081 7.831799E-05
30.28 0.01235081 8.177559E-05
30.3 0.01205878 8.909056E-05
30.32 0.01205878 9.235422E-05
30.34 0.003342714 9.558614E-05
30.36 0.003570721 9.564184E-05
30.38 0.002460308 9.57342E-05
30.4 0.004650305 9.554878E-05
30.42 0.002845039 9.583121E-05
30.44 0.002845039 9.574699E-05
30.46 0.00175454 9.545633E-05
30.48 0.00181899 9.488279E-05
30.5 0.003075823 9.270935E-05
30.52 0.003590306 9.038546E-05
30.54 0.002399244 8.814133E-05
30.56 0.002399244 8.541466E-05
30.58 0.001191179 7.841198E-05
30.6 0.005422159 6.301958E-05
30.62 0.005422159 6.065064E-05
30.64 0.005610723 5.883069E-05
30.66 0.007841641 5.705912E-05
30.68 0.005546142 5.451906E-05
30.7 0.003890208 5.362903E-05
30.72 0.00331948 5.308419E-05
30.74 0.00331948 5.256181E-05
30.76 0.002836599 5.050821E-05
30.78 0.003928452 4.437578E-05
30.8 0.00312573 4.272095E-05
30.82 0.002643032 4.200167E-05
30.84 0.002227794 4.121765E-05
30.86 0.002227794 4.034975E-05
30.88 0.001635054 3.680356E-05
30.9 0.001635054 3.519154E-05
30.92 0.002442294 3.356242E-05
30.94 0.00324505 3.200985E-05
30.96 0.002914007 3.124554E-05
30.98 0.002566331 2.630928E-05
31 0.002871653 2.291494E-05
31.02 0.002871653 1.909215E-05
31.04 0.005632267 1.59022E-05
31.06 0.004710321 1.32582E-05
31.08 0.004467237 1.368192E-05
31.1 0.004376992 1.400524E-05
31.12 0.007337924 1.431001E-05
31.14 0.009882689 1.505931E-05
31.16 0.009882689 1.714241E-05
31.18 0.01233046 1.922551E-05
31.2 0.002881101 2.306478E-05
31.22 0.002881101 2.30378E-05
31.24 0.002769782 2.301082E-05
31.26 0.00207389 2.288946E-05
31.28 0.00207389 2.285561E-05
31.3 0.002416536 2.282177E-05
31.32 0.001395873 2.296414E-05
31.34 0.001395873 2.232574E-05
31.36 0.001307389 2.168733E-05
31.38 0.001415651 2.099498E-05
31.4 0.001415651 1.961156E-05
31.42 0.001793986 1.758428E-05
31.44 0.006542124 1.730718E-05
31.46 0.006542124 1.804626E-05
31.48 0.005214797 1.878534E-05
31.5 0.009958734 1.923064E-05
31.52 0.01290187 2.312569E-05
31.54 0.01105856 2.676959E-05
31.56 0.004685358 2.945112E-05
31.58 0.004685358 2.984623E-05
31.6 0.01090815 3.096343E-05
31.62 0.01090815 3.366841E-05
31.64 0.01639079 3.63734E-05
31.66 0.01321047 4.248254E-05
31.68 0.00990254 4.629616E-05
31.7 0.008571358 5.046216E-05
31.72 0.01101313 5.201756E-05
31.74 0.01101313 5.464646E-05
31.76 0.00965803 5.727535E-05
31.78 0.006248476 5.870686E-05
31.8 0.004681876 5.914454E-05
31.82 0.006462048 5.919021E-05
31.84 0.00701022 5.971579E-05
31.86 0.00701022 5.960645E-05
31.88 0.004404643 5.847797E-05
31.9 0.006761408 5.352952E-05
31.92 0.006761408 5.414071E-05
31.94 0.01054331 5.501085E-05
31.96 0.01233587 5.740296E-05
31.98 0.01233587 6.076347E-05
32 0.01012225 6.678168E-05
32.02 0.006061827 6.902867E-05
32.04 0.006061827 6.979812E-05
32.06 0.005859804 7.060736E-05
32.08 0.01018834 7.136059E-05
32.1 0.006563969 7.469024E-05
32.12 0.003814045 7.564563E-05
32.14 0.002882359 7.591245E-05
32.16 0.002882359 7.60308E-05
32.18 0.002494311 7.522868E-05
32.2 0.001683832 7.389868E-05
32.22 0.001683832 7.165819E-05
32.24 0.001258532 6.94177E-05
32.26 0.001002735 6.558342E-05
32.28 0.001002735 6.27628E-05
32.3 0.003066396 6.181273E-05
32.32 0.004267888 6.12452E-05
32.34 0.004267888 5.890164E-05
32.36 0.004446812 5.655809E-05
32.38 0.003799061 4.704722E-05
32.4 0.003372621 4.51024E-05
32.42 0.002617745 4.308645E-05
32.44 0.002036543 4.153725E-05
32.46 0.002036543 3.881303E-05
32.48 0.00172113 3.397734E-05
32.5 0.00172113 3.313825E-05
32.52 0.00153449 3.269737E-05
32.54 0.001271893 3.224236E-05
32.56 0.00150503 3.130887E-05
32.58 0.003229954 2.912849E-05
32.6 0.003693395 2.891993E-05
32.62 0.003693395 2.882964E-05
32.64 0.005724638 2.80837E-05
32.66 0.003320374 2.778265E-05
32.68 0.001123437 2.217136E-05
32.7 0.00596008 1.866179E-05
32.72 0.001850462 1.680855E-05
32.74 0.001850462 1.45054E-05
32.76 0.001245387 1.373048E-05
32.78 0.000847483 1.213016E-05
32.8 0.000890549 9.732852E-06
32.82 0.0007305376 8.749304E-06
32.84 0.001388032 7.759722E-06
32.86 0.001388032 7.466226E-06
32.88 0.005254633 7.400653E-06
32.9 0.005254633 7.898086E-06
32.92 0.005880707 8.387138E-06
32.94 0.00412759 9.125449E-06
32.96 0.00365568 9.729678E-06
32.98 0.003647962 1.001709E-05
33 0.003786946 1.030318E-05
33.02 0.003786946 1.05891E-05
33.04 0.003911783 1.070394E-05
33.06 0.004698921 1.06757E-05
33.08 0.004698921 1.072932E-05
33.1 0.004329064 1.090716E-05
33.12 0.015745 1.100734E-05
33.14 0.015745 1.650805E-05
33.16 0.01179098 2.506994E-05
33.18 0.01350345 2.820668E-05
33.2 0.01350345 3.238945E-05
33.22 0.008426842 3.656109E-05
33.24 0.006909573 3.814364E-05
33.26 0.0119779 4.027183E-05
33.28 0.01219692 4.355566E-05
33.3 0.008869653 4.696264E-05
33.32 0.008869653 4.854957E-05
33.34 0.005320433 5.006189E-05
33.36 0.00531168 5.040296E-05
33.38 0.009176644 5.199897E-05
33.4 0.01178197 5.370096E-05
33.42 0.007328554 5.689985E-05
33.44 0.007328554 5.732276E-05
33.46 0.007075523 5.876751E-05
33.48 0.009558837 5.989569E-05
33.5 0.009558837 6.200391E-05
33.52 0.007914403 6.411212E-05
33.54 0.005390238 6.555037E-05
33.56 0.006254726 6.684453E-05
33.58 0.0100441 6.770953E-05
33.6 0.01277145 6.977963E-05
33.62 0.01277145 7.293076E-05
33.64 0.01164908 7.608189E-05
33.66 0.0112182 7.843348E-05
33.68 0.00685975 8.174752E-05
33.7 0.003679124 8.253105E-05
33.72 0.003003731 8.253636E-05
33.74 0.003003731 8.241268E-05
33.76 0.003478917 8.228899E-05
33.78 0.001043049 8.185027E-05
33.8 0.001043049 8.136209E-05
33.82 0.001062322 8.087391E-05
33.84 0.001827733 8.046432E-05
33.86 0.001982333 6.908924E-05
33.88 0.001503784 6.612814E-05
33.9 0.001070246 6.294755E-05
33.92 0.001070246 5.873364E-05
33.94 0.002161605 5.451974E-05
33.96 0.007268847 5.309543E-05
33.98 0.004815193 5.321391E-05
34 0.00659767 5.041659E-05
34.02 0.006964329 4.796926E-05
34.04 0.006964329 4.726766E-05
34.06 0.005489713 4.689006E-05
34.08 0.005489713 4.693478E-05
34.1 0.004812425 4.567725E-05
34.12 0.004499159 4.425745E-05
34.14 0.004418391 4.149996E-05
34.16 0.003056957 3.990993E-05
34.18 0.003886638 3.977226E-05
34.2 0.003886638 3.89593E-05
34.22 0.003402338 3.718569E-05
34.24 0.002870491 3.532998E-05
34.26 0.002830209 3.357551E-05
34.28 0.002504228 3.30861E-05
34.3 0.002068476 3.232213E-05
34.32 0.002068476 3.007549E-05
34.34 0.002362579 2.638174E-05
34.36 0.005156604 1.979694E-05
34.38 0.005156604 1.748863E-05
34.4 0.004645002 1.701269E-05
34.42 0.01052253 1.642012E-05
34.44 0.01052253 1.86803E-05
34.46 0.01628483 2.552066E-05
34.48 0.01435814 3.140653E-05
34.5 0.01435814 3.610206E-05
34.52 0.004626447 4.087109E-05
34.54 0.003954494 4.134355E-05
34.56 0.003811027 4.196697E-05
34.58 0.003541183 4.222705E-05
34.6 0.003750382 4.242729E-05
34.62 0.003750382 4.27018E-05
34.64 0.002338914 4.315905E-05
34.66 0.002338914 4.317761E-05
34.68 0.001900165 4.207608E-05
34.7 0.001941641 4.09313E-05
34.72 0.002456631 4.047976E-05
34.74 0.00292738 3.86202E-05
34.76 0.004196916 3.769155E-05
34.78 0.004196916 3.711887E-05
34.8 0.00804652 3.682764E-05
34.82 0.01020447 3.763252E-05
34.84 0.01379619 4.347122E-05
34.86 0.01051342 4.744361E-05
34.88 0.009482375 4.956012E-05
34.9 0.009482375 5.143385E-05
34.92 0.01429747 5.317361E-05
34.94 0.01930703 6.878881E-05
34.96 0.01930703 7.726606E-05
34.98 0.01379898 8.574865E-05
35 0.003397503 8.999055E-05
35.02 0.003397503 9.011315E-05
35.04 0.009457316 9.058862E-05
35.06 0.01032547 9.253883E-05
35.08 0.01032547 9.478376E-05
35.1 0.007507758 9.664481E-05
35.12 0.00479995 9.733727E-05
35.14 0.007513531 9.533214E-05
35.16 0.009468663 9.407003E-05
35.18 0.005532075 9.147001E-05
35.2 0.005532075 8.601439E-05
35.22 0.004217295 8.193178E-05
35.24 0.005528265 7.776403E-05
35.26 0.01055666 7.811109E-05
35.28 0.01056038 8.033912E-05
35.3 0.01003085 8.259488E-05
35.32 0.009749713 8.665605E-05
35.34 0.006014339 8.853958E-05
35.36 0.006014339 8.919737E-05
35.38 0.004761935 8.991137E-05
35.4 0.005926091 9.031149E-05
35.42 0.005983748 9.178924E-05
35.44 0.003523293 9.248157E-05
35.46 0.003311766 9.26299E-05
35.48 0.003311766 9.268568E-05
35.5 0.001916318 9.253112E-05
35.52 0.002251351 9.083861E-05
35.54 0.002251351 8.853483E-05
35.56 0.001926352 8.422631E-05
35.58 0.001698118 7.988622E-05
35.6 0.001698118 7.738277E-05
35.62 0.003266792 7.3302E-05
35.64 0.00823188 6.879628E-05
35.66 0.00823188 5.889038E-05
35.68 0.008146212 5.179741E-05
35.7 0.007860128 4.467181E-05
35.72 0.004865005 4.284875E-05
35.74 0.00405272 4.313074E-05
35.76 0.004179819 4.310668E-05
35.78 0.004179819 4.143296E-05
35.8 0.003314747 3.935983E-05
35.82 0.003603137 3.6127E-05
35.84 0.003430336 3.589312E-05
35.86 0.00325631 3.563097E-05
35.88 0.002463492 3.45647E-05
35.9 0.002463492 3.262082E-05
35.92 0.002336802 3.145136E-05
35.94 0.002336802 3.116473E-05
35.96 0.001964061 3.058099E-05
35.98 0.001501968 2.995996E-05
36 0.0008921823 2.742073E-05
36.02 0.004574122 2.252427E-05
36.04 0.005607238 2.067089E-05
36.06 0.005607238 1.919146E-05
36.08 0.002703385 1.908143E-05
36.1 0.004356033 1.841018E-05
36.12 0.005443321 1.819646E-05
36.14 0.005516157 1.805284E-05
36.16 0.001932871 1.792779E-05
36.18 0.001932871 1.772599E-05
36.2 0.001256901 1.75578E-05
36.22 0.002351422 1.735775E-05
36.24 0.002351422 1.734888E-05
36.26 0.002430449 1.735959E-05
36.28 0.00272034 1.737908E-05
36.3 0.003902277 1.756992E-05
36.32 0.004571668 1.7857E-05
36.34 0.004318794 1.830877E-05
36.36 0.004318794 1.849435E-05
36.38 0.004288168 1.735222E-05
36.4 0.004938313 1.522781E-05
36.42 0.005345546 1.435817E-05
36.44 0.007424328 1.358592E-05
36.46 0.01047855 1.431737E-05
36.48 0.01047855 1.648889E-05
36.5 0.0139172 2.062728E-05
36.52 0.0139172 2.487614E-05
36.54 0.01304537 2.90786E-05
36.56 0.01062834 3.273438E-05
36.58 0.007781461 3.508774E-05
36.6 0.009729774 3.751635E-05
36.62 0.01552293 3.95768E-05
36.64 0.01552293 4.506772E-05
36.66 0.009133275 5.054449E-05
36.68 0.00745293 5.235743E-05
36.7 0.008780763 5.53001E-05
36.72 0.01039076 5.707465E-05
36.74 0.006354865 5.956702E-05
36.76 0.00313124 6.001962E-05
36.78 0.00313124 5.951645E-05
36.8 0.00431939 5.901327E-05
36.82 0.006891719 5.992054E-05
36.84 0.006891719 6.033602E-05
36.86 0.005826573 6.075151E-05
36.88 0.004752658 6.083339E-05
36.9 0.004752658 6.127181E-05
36.92 0.005760507 6.258047E-05
36.94 0.005590808 6.324851E-05
36.96 0.005590808 6.384683E-05
36.98 0.007107964 6.444515E-05
37 0.003337624 6.548274E-05
37.02 0.002130474 6.565666E-05
37.04 0.002801515 6.540809E-05
37.06 0.002213201 6.510456E-05
37.08 0.002213201 6.47847E-05
37.1 0.0009099634 6.410759E-05
37.12 0.0009099634 6.355971E-05
37.14 0.0007675836 6.301183E-05
37.16 0.001274361 6.2361E-05
37.18 0.001274361 6.111689E-05
37.2 0.001724832 5.613655E-05
37.22 0.00120957 5.380825E-05
37.24 0.00120957 4.933789E-05
37.26 0.001284023 4.486753E-05
37.28 0.00414729 4.094816E-05
37.3 0.004535262 3.771298E-05
37.32 0.006575329 3.678316E-05
37.34 0.005837284 3.558703E-05
37.36 0.005837284 3.077569E-05
37.38 0.006094737 2.596435E-05
37.4 0.003350648 2.418799E-05
37.42 0.003350648 2.265601E-05
37.44 0.003535893 2.112404E-05
37.46 0.003795442 1.890391E-05
37.48 0.003795442 1.829975E-05
37.5 0.003412722 1.846977E-05
37.52 0.003412722 1.830674E-05
37.54 0.003343904 1.749297E-05
37.56 0.002307826 1.664845E-05
37.58 0.002552312 1.566776E-05
37.6 0.003316384 1.465594E-05
37.62 0.003361715 1.438642E-05
37.64 0.003361715 1.374226E-05
37.66 0.00336538 1.323336E-05
37.68 0.005756747 1.233007E-05
37.7 0.005756747 1.192582E-05
37.72 0.008016068 1.243746E-05
37.74 0.008978642 1.367275E-05
37.76 0.01156129 1.544198E-05
37.78 0.01156129 1.836792E-05
37.8 0.01418657 2.535474E-05
37.82 0.01418657 2.996479E-05
37.84 0.007428295 3.462598E-05
37.86 0.006202943 3.588996E-05
37.88 0.005426006 3.741798E-05
37.9 0.004639425 3.80649E-05
37.92 0.004129472 3.847659E-05
37.94 0.004129472 3.880397E-05
37.96 0.00364318 3.916652E-05
37.98 0.002804044 3.964881E-05
38 0.002804044 3.943166E-05
38.02 0.002425243 3.921451E-05
38.04 0.002559947 3.887296E-05
38.06 0.002559947 3.80199E-05
38.08 0.002891844 3.679051E-05
38.1 0.006300882 3.612114E-05
38.12 0.006300882 3.645294E-05
38.14 0.006541711 3.711513E-05
38.16 0.007916341 3.784925E-05
38.18 0.01173955 4.01383E-05
38.2 0.006605973 4.300834E-05
38.22 0.006605973 4.373216E-05
38.24 0.004440723 4.447616E-05
38.26 0.005230496 4.466392E-05
38.28 0.009469636 4.70017E-05
38.3 0.007837682 4.893564E-05
38.32 0.003831636 5.021273E-05
38.34 0.001862625 5.029839E-05
38.36 0.001862625 5.011625E-05
38.38 0.00849818 5.02044E-05
38.4 0.00849818 5.159678E-05
38.42 0.006190359 5.250558E-05
38.44 0.002267816 5.262605E-05
38.46 0.002132956 5.12513E-05
38.48 0.003933513 4.647966E-05
38.5 0.004718169 4.373104E-05
38.52 0.002944418 4.014254E-05
38.54 0.002944418 3.566372E-05
38.56 0.001972532 3.11849E-05
38.58 0.003096162 2.932028E-05
38.6 0.005179905 2.885853E-05
38.62 0.005531458 2.879782E-05
38.64 0.005575748 2.900882E-05
38.66 0.005575748 2.933525E-05
38.68 0.001883427 2.94406E-05
38.7 0.001883427 2.927711E-05
38.72 0.001706254 2.917675E-05
38.74 0.005463345 2.90616E-05
38.76 0.003125916 2.961896E-05
38.78 0.003125916 2.96938E-05
38.8 0.001915052 2.976863E-05
38.82 0.0007653101 2.948346E-05
38.84 0.0007653101 2.85738E-05
38.86 0.001036892 2.766413E-05
38.88 0.000796305 2.669393E-05
38.9 0.0005916787 2.525127E-05
38.92 0.0004663769 2.06051E-05
38.94 0.0004666433 1.95953E-05
38.96 0.0004666433 1.858551E-05
38.98 0.0004423058 1.813197E-05
39 0.0006223333 1.750028E-05
39.02 0.0009628835 1.335997E-05
39.04 0.001342155 1.195294E-05
39.1 0.001359938 1.16534E-05
39.12 0.001359938 1.161573E-05
39.14 0.001267229 1.157806E-05
39.16 0.001405761 1.108173E-05
39.18 0.001490186 9.448176E-06
39.2 0.001282899 7.820306E-06
39.22 0.0008261309 6.886076E-06
39.24 0.0007507362 6.796145E-06
39.26 0.0007507362 6.70345E-06
39.28 0.0009990977 6.356731E-06
39.3 0.00107844 5.862245E-06
39.32 0.000640101 5.513102E-06
39.34 0.0005757433 5.432145E-06
39.36 0.006370648 5.216918E-06
39.38 0.006370648 5.937824E-06
39.4 0.004746479 6.257678E-06
39.42 0.007206197 6.554711E-06
39.44 0.004450532 7.039369E-06
39.46 0.007998611 7.41241E-06
39.48 0.004750258 8.817769E-06
39.5 0.004750258 9.260041E-06
39.52 0.003997666 9.51066E-06
39.54 0.003997666 9.655078E-06
39.56 0.002848651 9.799496E-06
39.58 0.002245393 9.902924E-06
39.6 0.002038129 9.993117E-06
39.62 0.002727835 1.015908E-05
39.64 0.002442232 1.030713E-05
39.66 0.002442232 1.043109E-05
39.68 0.002122491 1.056166E-05
39.7 0.001642416 1.071815E-05
39.72 0.001642416 1.077582E-05
39.74 0.002003224 1.083349E-05
39.76 0.002296061 1.092227E-05
39.78 0.002296061 1.103586E-05
39.8 0.008847623 1.370553E-05
39.82 0.01117067 1.548412E-05
39.84 0.01117067 1.834306E-05
39.86 0.01282311 2.1202E-05
39.88 0.01165366 2.498865E-05
39.9 0.009927244 3.120769E-05
39.92 0.01141992 3.346129E-05
39.94 0.01299224 3.64559E-05
39.96 0.01299224 4.036557E-05
39.98 0.008464703 4.4278E-05
40 0.006882927 4.700973E-05
40.02 0.007095108 4.808442E-05
40.04 0.007640898 4.922809E-05
40.06 0.006250033 5.057631E-05
40.08 0.006250033 5.147704E-05
40.1 0.003110616 5.092459E-05
40.12 0.003110616 5.062568E-05
40.14 0.004176029 4.964304E-05
40.16 0.005446824 4.884095E-05
40.18 0.004742161 4.907027E-05
40.2 0.004769751 4.810359E-05
40.22 0.003727431 4.810791E-05
40.24 0.003727431 4.794333E-05
40.26 0.005865446 4.789478E-05
40.28 0.007821057 4.93632E-05
40.3 0.007821057 5.066848E-05
40.32 0.007223326 5.199442E-05
40.34 0.002664775 5.311122E-05
40.36 0.002664775 5.310331E-05
40.38 0.00140092 5.308699E-05
40.4 0.002895496 5.302786E-05
40.42 0.002895496 5.315791E-05
40.44 0.001449157 5.329014E-05
40.46 0.0007576841 5.327625E-05
40.48 0.001271135 5.308702E-05
40.5 0.002190596 5.3002E-05
40.52 0.002029319 5.05234E-05
40.54 0.002029319 4.879869E-05
40.56 0.001572568 4.599252E-05
40.58 0.001651947 3.938755E-05
40.6 0.002449933 3.629268E-05
40.62 0.006171489 3.327395E-05
40.64 0.004642822 3.186783E-05
40.66 0.004642822 2.933623E-05
40.68 0.005783188 2.260146E-05
40.7 0.005783188 2.171295E-05
40.72 0.005103602 2.138901E-05
40.74 0.003388801 2.089301E-05
40.76 0.001708844 1.998937E-05
40.78 0.002196676 1.785899E-05
40.8 0.002394648 1.706277E-05
40.82 0.003007663 1.676933E-05
40.84 0.003007663 1.675469E-05
40.86 0.00299709 1.674004E-05
40.88 0.002720207 1.654337E-05
40.9 0.003410397 1.577301E-05
40.92 0.003965387 1.552051E-05
40.94 0.003317154 1.535711E-05
40.96 0.003317154 1.52899E-05
40.98 0.003227238 1.522268E-05
41 0.002955667 1.363926E-05
41.02 0.002961466 1.241989E-05
41.04 0.004928924 1.120131E-05
41.06 0.00386758 1.055289E-05
41.08 0.00386758 1.073562E-05
41.1 0.003987954 1.113345E-05
41.12 0.003987954 1.145767E-05
41.14 0.005749832 1.163255E-05
41.16 0.005543961 1.220643E-05
41.18 0.004492869 1.332845E-05
41.2 0.002974959 1.378454E-05
41.22 0.002892843 1.395279E-05
41.24 0.002892843 1.403581E-05
41.26 0.002667828 1.413466E-05
41.28 0.002207716 1.425579E-05
41.3 0.002207716 1.430568E-05
41.32 0.002341687 1.435556E-05
41.34 0.00196421 1.43435E-05
41.36 0.00196421 1.354748E-05
41.38 0.002131629 1.271576E-05
41.4 0.002250509 1.220643E-05
41.42 0.002250509 1.154642E-05
41.44 0.002683091 1.088641E-05
41.46 0.00669049 1.044809E-05
41.48 0.007472456 1.245265E-05
41.5 0.009320218 1.368329E-05
41.52 0.01184664 1.559122E-05
41.54 0.01184664 1.872165E-05
41.56 0.007840878 2.177506E-05
41.58 0.005724074 2.354752E-05
41.6 0.008097266 2.413742E-05
41.62 0.01069404 2.539171E-05
41.64 0.009541542 2.778082E-05
41.66 0.006261095 3.139371E-05
41.68 0.006023135 3.204947E-05
41.7 0.006023135 3.265093E-05
41.72 0.008763797 3.329145E-05
41.74 0.009714233 3.487443E-05
41.76 0.005311896 3.695624E-05
41.78 0.003549461 3.726457E-05
41.8 0.006040504 3.72097E-05
41.82 0.006040504 3.774718E-05
41.84 0.009717799 3.822588E-05
41.86 0.004027698 4.06164E-05
41.88 0.004027698 4.027889E-05
41.9 0.004013615 4.018671E-05
41.92 0.007826267 4.009191E-05
41.94 0.007826267 4.131051E-05
41.96 0.007541338 4.552858E-05
41.98 0.005217289 4.668566E-05
42 0.005217289 4.720979E-05
42.02 0.004629841 4.772946E-05
42.04 0.0040782 4.811461E-05
42.06 0.005393687 4.867093E-05
42.08 0.008089229 4.925776E-05
42.1 0.003719599 5.069836E-05
42.12 0.003719599 5.091445E-05
42.14 0.001486164 5.112202E-05
42.16 0.001486164 5.100597E-05
42.18 0.002068528 5.001634E-05
42.2 0.002158384 4.88173E-05
42.22 0.00122008 4.762709E-05
42.24 0.00122008 4.564156E-05
42.26 0.0009136751 3.919017E-05
42.28 0.00240365 3.777982E-05
42.3 0.00240365 3.715221E-05
42.32 0.005519023 3.652459E-05
42.34 0.007495553 3.570818E-05
42.36 0.008028096 3.354453E-05
42.38 0.007115359 3.292615E-05
42.4 0.008036328 3.319189E-05
42.42 0.008036328 3.385013E-05
42.44 0.008853507 3.450838E-05
42.46 0.005915127 3.316426E-05
42.48 0.004272144 3.332175E-05
42.5 0.00657095 3.309001E-05
42.52 0.006549813 3.380114E-05
42.54 0.006549813 3.395027E-05
42.56 0.005391287 3.269349E-05
42.58 0.005391287 3.203639E-05
42.6 0.004709396 3.233508E-05
42.62 0.005483742 3.247359E-05
42.64 0.00402123 3.174992E-05
42.66 0.003140721 3.070154E-05
42.68 0.004032886 2.774808E-05
42.7 0.004032886 2.680371E-05
42.72 0.006483839 2.654892E-05
42.74 0.003275364 2.679176E-05
42.76 0.003275364 2.665447E-05
42.78 0.003715908 2.651718E-05
42.8 0.005052872 2.616174E-05
42.82 0.005052872 2.523373E-05
42.84 0.0039384 2.618664E-05
42.86 0.001992673 2.642597E-05
42.88 0.001992673 2.646695E-05
42.9 0.001437677 2.650793E-05
42.92 0.00164734 2.645648E-05
42.94 0.001754236 2.643975E-05
42.96 0.002225555 2.647669E-05
42.98 0.002511403 2.655032E-05
43 0.002511403 2.667758E-05
43.02 0.002465484 2.66899E-05
43.04 0.002651405 2.615202E-05
43.06 0.003052952 2.500892E-05
43.08 0.003551465 2.391909E-05
43.1 0.003551465 2.271357E-05
43.12 0.01185897 2.123899E-05
43.14 0.01522679 2.300765E-05
43.16 0.01522679 2.657674E-05
43.18 0.01864296 3.115503E-05
43.2 0.01644496 3.842412E-05
43.22 0.007948613 4.475409E-05
43.24 0.00542311 4.522572E-05
43.26 0.007299397 4.4912E-05
43.28 0.007299397 4.536082E-05
43.3 0.008935261 4.592397E-05
43.32 0.007361754 4.784931E-05
43.34 0.005108381 4.841034E-05
43.36 0.006018006 4.864115E-05
43.38 0.009361622 4.910734E-05
43.4 0.009361622 5.091608E-05
43.42 0.003886312 5.374159E-05
43.44 0.003886312 5.311516E-05
43.46 0.003818393 5.306971E-05
43.48 0.007609136 5.31593E-05
43.5 0.00915393 5.42563E-05
43.52 0.006909948 5.723885E-05
43.54 0.004707639 5.775549E-05
43.56 0.004707639 5.726823E-05
43.58 0.006241669 5.742291E-05
43.6 0.007155657 5.823658E-05
43.62 0.008873133 6.111793E-05
43.64 0.006455713 6.288582E-05
43.66 0.008411162 6.379192E-05
43.68 0.008411162 6.536565E-05
43.7 0.002055868 6.714604E-05
43.72 0.002384839 6.709765E-05
43.74 0.002384839 6.708856E-05
43.76 0.002323454 6.705734E-05
43.78 0.001137301 6.70194E-05
43.8 0.0007151748 6.656949E-05
43.82 0.001301036 6.628806E-05
43.84 0.00216557 6.5416E-05
43.86 0.00216557 6.225448E-05
43.88 0.001761226 5.697156E-05
43.9 0.001113181 4.359775E-05
43.92 0.001125443 3.733734E-05
43.94 0.004193936 3.589748E-05
43.96 0.00460489 3.483722E-05
43.98 0.00460489 3.46464E-05
44 0.005432205 3.339177E-05
44.02 0.005432205 3.22213E-05
44.04 0.005080329 3.164719E-05
44.06 0.003920865 3.098706E-05
44.08 0.002864265 3.07377E-05
44.1 0.001927027 2.82389E-05
44.12 0.002853607 2.628712E-05
44.14 0.002853607 2.493263E-05
44.16 0.002473271 2.477076E-05
44.18 0.001720548 2.456178E-05
44.2 0.001853482 2.302496E-05
44.22 0.001920131 2.115614E-05
44.24 0.002057527 1.929318E-05
44.26 0.002244535 1.828122E-05
44.28 0.002244535 1.788299E-05
44.3 0.00236987 1.668896E-05
44.32 0.00236987 1.56288E-05
44.34 0.002439663 1.392842E-05
44.36 0.003533719 1.223585E-05
44.38 0.003533719 1.155704E-05
44.4 0.005336753 9.011876E-06
44.42 0.005445649 9.277265E-06
44.44 0.005445649 9.868626E-06
44.46 0.007881167 1.042601E-05
44.48 0.00893924 1.173823E-05
44.5 0.006754757 1.450206E-05
44.52 0.004201554 1.553307E-05
44.54 0.004340686 1.59317E-05
44.56 0.004340686 1.633052E-05
44.58 0.003186384 1.689049E-05
44.6 0.003186384 1.705447E-05
44.62 0.002751403 1.726177E-05
44.64 0.00246702 1.7409E-05
44.66 0.002225171 1.752109E-05
44.68 0.001929597 1.68492E-05
44.7 0.00211975 1.644265E-05
44.72 0.00211975 1.581672E-05
44.74 0.002601629 1.523497E-05
44.76 0.002782641 1.470612E-05
44.78 0.009018751 1.582003E-05
44.8 0.007225019 1.752082E-05
44.82 0.007527739 1.8544E-05
44.84 0.007527739 1.977547E-05
44.86 0.01153629 2.090394E-05
44.88 0.003276334 2.477635E-05
44.9 0.003276334 2.495714E-05
44.92 0.004634943 2.512689E-05
44.94 0.009235021 2.554659E-05
44.96 0.009235021 2.744423E-05
44.98 0.006349432 3.150913E-05
45 0.002895932 3.232954E-05
45.02 0.002895932 3.241435E-05
45.04 0.005311683 3.247878E-05
45.06 0.009861901 3.30043E-05
45.08 0.007497118 3.709907E-05
45.1 0.002624532 3.811581E-05
45.12 0.001896903 3.782097E-05
45.14 0.001896903 3.72423E-05
45.16 0.006344337 3.646569E-05
45.18 0.006344337 3.595727E-05
45.2 0.003691924 3.503495E-05
45.22 0.002621496 3.429085E-05
45.24 0.005303775 3.338958E-05
45.26 0.007916266 3.384924E-05
45.28 0.007954607 3.486845E-05
45.3 0.007954607 3.600006E-05
45.32 0.006621801 3.723547E-05
45.34 0.005514761 3.801907E-05
45.36 0.003622569 3.871394E-05
45.38 0.00249991 3.890397E-05
45.4 0.007005122 3.893417E-05
45.42 0.007005122 3.998878E-05
45.44 0.003557565 4.102548E-05
45.46 0.001442756 4.117632E-05
45.48 0.001442756 4.104465E-05
45.5 0.0007925977 3.920148E-05
45.52 0.0009156153 3.732451E-05
45.54 0.0009156153 3.613004E-05
45.56 0.0004959278 3.352462E-05
45.58 0.0003363838 3.043531E-05
45.6 0.0003363838 2.932892E-05
45.62 0.0007422243 2.908192E-05
45.64 0.003446237 2.86217E-05
45.66 0.00979263 2.691451E-05
45.68 0.01225082 2.716126E-05
45.7 0.00776641 2.835442E-05
45.72 0.00776641 2.881958E-05
45.74 0.002238787 3.016351E-05
45.76 0.002238787 2.962393E-05
45.78 0.001892622 2.74787E-05
45.8 0.001567365 2.530021E-05
45.82 0.001684532 2.405021E-05
45.84 0.001449333 2.393832E-05
45.86 0.001160489 2.390349E-05
45.88 0.001160489 2.34158E-05
45.9 0.001128485 2.251105E-05
45.92 0.004081369 2.160461E-05
45.94 0.008113279 2.304602E-05
45.96 0.007307892 2.392265E-05
45.98 0.002037949 2.451045E-05
46 0.002037949 2.314966E-05
46.02 0.0009735271 2.177471E-05
46.04 0.002684696 2.063681E-05
46.06 0.002684696 2.009716E-05
46.08 0.002508258 1.995959E-05
46.1 0.001979214 1.980071E-05
46.12 0.001338023 1.974648E-05
46.14 0.0006739286 1.754734E-05
46.16 0.0005477793 1.726357E-05
46.18 0.0005477793 1.715214E-05
46.2 0.00369011 1.711071E-05
46.22 0.005086582 1.737898E-05
46.24 0.008388129 1.958287E-05
46.26 0.009630214 2.119967E-05
46.28 0.008846388 2.334568E-05
46.3 0.008846388 2.515993E-05
46.32 0.00691311 2.697727E-05
46.34 0.01134794 2.935521E-05
46.36 0.01134794 3.20738E-05
46.38 0.00760116 3.479237E-05
46.4 0.006776294 3.390591E-05
46.42 0.006776294 3.148348E-05
46.44 0.009875868 3.025201E-05
46.46 0.007677698 3.218894E-05
46.48 0.007677698 3.344324E-05
46.5 0.01223306 3.469754E-05
46.52 0.01289138 4.190212E-05
46.54 0.01387598 4.570096E-05
46.56 0.008058694 5.01127E-05
46.58 0.008780088 5.157415E-05
46.6 0.008780088 5.333561E-05
46.62 0.008699661 5.683658E-05
46.64 0.008699661 5.820929E-05
46.66 0.007221041 5.843857E-05
46.68 0.008477387 5.812039E-05
46.7 0.008477387 5.854971E-05
46.72 0.007259974 6.147445E-05
46.74 0.004578404 6.267815E-05
46.76 0.004578404 6.183433E-05
46.78 0.003732085 6.215419E-05
46.8 0.003771388 6.231049E-05
46.82 0.005209273 6.273464E-05
46.84 0.004902286 6.332409E-05
46.86 0.006285204 6.384135E-05
46.88 0.006285204 6.474947E-05
46.9 0.004433425 6.566119E-05
46.92 0.006351834 6.673291E-05
46.94 0.006068928 6.706948E-05
46.96 0.003713607 6.628974E-05
46.98 0.003161917 6.497416E-05
47 0.003161917 6.30499E-05
47.02 0.001583574 5.975895E-05
47.04 0.001583574 5.870585E-05
47.06 0.001716362 5.74822E-05
47.08 0.004910108 5.455592E-05
47.1 0.003264203 5.212181E-05
47.12 0.002244147 5.020587E-05
47.14 0.001417226 4.925513E-05
47.16 0.001417226 4.879574E-05
47.18 0.001567139 4.657424E-05
47.2 0.001620145 4.397052E-05
47.22 0.001620145 4.055138E-05
47.24 0.001540078 3.674759E-05
47.26 0.001996539 3.293792E-05
47.28 0.001996539 2.855289E-05
47.3 0.004219285 2.601692E-05
47.32 0.008000535 2.463813E-05
47.34 0.008000535 2.435759E-05
47.36 0.009044983 2.408607E-05
47.38 0.007429659 2.422858E-05
47.4 0.005995137 2.391206E-05
47.42 0.002917415 2.307661E-05
47.44 0.002059756 2.182794E-05
47.46 0.002059756 2.070085E-05
47.48 0.002104863 2.031204E-05
47.5 0.002182506 1.971444E-05
47.52 0.002222174 1.949444E-05
47.54 0.002394347 1.92785E-05
47.56 0.002149528 1.878075E-05
47.58 0.002149528 1.83293E-05
47.6 0.002280229 1.671165E-05
47.62 0.002280229 1.637547E-05
47.64 0.002375953 1.555811E-05
47.66 0.002542005 1.475112E-05
47.68 0.003308891 1.397875E-05
47.7 0.0074798 1.400086E-05
47.72 0.007299252 1.506946E-05
47.74 0.007299252 1.619203E-05
47.76 0.008277283 1.737276E-05
47.78 0.01452878 2.134093E-05
47.8 0.01452878 2.568921E-05
47.82 0.01714064 3.035038E-05
47.84 0.007244311 3.693519E-05
47.86 0.007244311 3.803853E-05
47.88 0.005280234 3.921229E-05
47.9 0.004045218 4.026564E-05
47.92 0.003355537 4.05653E-05
47.94 0.003355537 4.076611E-05
47.96 0.003175538 4.096693E-05
47.98 0.002870953 4.114628E-05
48 0.00217471 4.134424E-05
48.02 0.002109885 4.077982E-05
48.04 0.002109885 4.046933E-05
48.06 0.00236536 3.908429E-05
48.08 0.002638087 3.772583E-05
48.1 0.002864625 3.489221E-05
48.12 0.009479539 3.379933E-05
48.14 0.007331163 3.505328E-05
48.16 0.007331163 3.610525E-05
48.18 0.01140728 4.067571E-05
48.2 0.008673551 4.359886E-05
48.22 0.008673551 4.523763E-05
48.24 0.0059945 4.68764E-05
48.26 0.009939577 4.759723E-05
48.28 0.01261306 5.195158E-05
48.3 0.009721332 5.554388E-05
48.32 0.005029428 5.762938E-05
48.34 0.005029428 5.809672E-05
48.36 0.004473809 5.856407E-05
48.38 0.008136437 6.028754E-05
48.4 0.008033398 6.157249E-05
48.42 0.005253412 6.281869E-05
48.44 0.002495011 6.215942E-05
48.46 0.002495011 6.106514E-05
48.48 0.004539119 5.857146E-05
48.5 0.004539119 5.654895E-05
48.52 0.004857627 5.211914E-05
48.54 0.003112832 4.775893E-05
48.56 0.002938693 4.115168E-05
48.58 0.004721856 3.911242E-05
48.6 0.005216614 3.898254E-05
48.62 0.005216614 3.910662E-05
48.64 0.004063749 3.935894E-05
48.66 0.0035694 3.948113E-05
48.68 0.003164729 3.951398E-05
48.7 0.002995123 3.955522E-05
48.72 0.003256404 3.957216E-05
48.74 0.003256404 3.970878E-05
48.76 0.003352154 4.030439E-05
48.78 0.002135434 4.04356E-05
48.8 0.002135434 4.03798E-05
48.82 0.001296777 4.029501E-05
48.84 0.001162002 4.014327E-05
48.86 0.001038699 3.686636E-05
48.88 0.0007271159 3.564155E-05
48.9 0.0006096535 3.213596E-05
48.92 0.0006096535 2.911842E-05
48.94 0.0005647888 2.737751E-05
48.96 0.001742458 2.487032E-05
48.98 0.006962175 2.264336E-05
49 0.009602843 2.147305E-05
49.02 0.009602843 1.991782E-05
49.04 0.007667125 1.986457E-05
49.06 0.004597709 2.093391E-05
49.08 0.004597709 2.096005E-05
49.1 0.003885846 1.991208E-05
49.12 0.003599371 1.872367E-05
49.14 0.003508543 1.752413E-05
49.16 0.003727728 1.731009E-05
49.18 0.003400093 1.748848E-05
49.2 0.003400093 1.75634E-05
49.22 0.003099714 1.735309E-05
49.24 0.002727924 1.709739E-05
49.26 0.002711326 1.666731E-05
49.28 0.002697869 1.663743E-05
49.3 0.003019799 1.660587E-05
49.32 0.003019799 1.629943E-05
49.34 0.002713899 1.533105E-05
49.36 0.002713899 1.511829E-05
49.38 0.005684965 1.499328E-05
49.4 0.003204281 1.551196E-05
49.42 0.002855047 1.551782E-05
49.44 0.004686089 1.544172E-05
49.46 0.008612311 1.570579E-05
49.48 0.008612311 1.687467E-05
49.5 0.009352678 1.833827E-05
49.52 0.003976182 2.026647E-05
49.54 0.001429601 2.053652E-05
49.56 0.001760092 2.055265E-05
49.58 0.001787982 2.059329E-05
49.6 0.001787982 2.064255E-05
49.62 0.001983722 2.07046E-05
49.64 0.002895983 2.091278E-05
49.66 0.002895983 2.11004E-05
49.68 0.003065788 2.122483E-05
49.7 0.003037082 2.13728E-05
49.72 0.003037082 2.046006E-05
49.74 0.004800706 1.674956E-05
49.76 0.006328839 1.591845E-05
49.78 0.006328839 1.597117E-05
49.8 0.01251912 1.641106E-05
49.82 0.01468082 1.956431E-05
49.84 0.01943316 2.893635E-05
49.86 0.01524215 3.743258E-05
49.88 0.00837367 4.254916E-05
49.9 0.00837367 4.385666E-05
49.92 0.006831839 4.551476E-05
49.94 0.006831839 4.637676E-05
49.96 0.008670822 4.728914E-05
49.98 0.006128097 4.886663E-05
50 0.004402662 4.9569E-05
50.02 0.006928143 5.008921E-05
50.04 0.008131091 5.099339E-05
50.06 0.008131091 5.244568E-05
50.08 0.006100008 5.381194E-05
50.1 0.002654837 5.450602E-05
50.12 0.003133056 5.390782E-05
50.14 0.006820618 5.394654E-05
50.16 0.008577543 5.483886E-05
50.18 0.008577543 5.60392E-05
50.2 0.006655252 5.60253E-05
50.22 0.008187857 5.398026E-05
50.24 0.008187857 5.517167E-05
50.26 0.009354746 5.668323E-05
50.28 0.007557969 5.867084E-05
50.3 0.007557969 5.992724E-05
50.32 0.006113356 6.202701E-05
50.66 0.007397755 6.280465E-05
50.68 0.008544155 6.394341E-05
50.7 0.007057024 6.54461E-05
50.72 0.004069269 6.657574E-05
50.74 0.00372687 6.674633E-05
50.76 0.002960762 6.685483E-05
50.78 0.002960762 6.669465E-05
50.8 0.002776949 6.573509E-05
50.82 0.002776949 6.498293E-05
50.84 0.002966556 6.151742E-05
50.86 0.002477358 5.670984E-05
50.88 0.002393008 5.184033E-05
50.9 0.002648764 3.79213E-05
50.92 0.003137101 3.64538E-05
50.94 0.003137101 3.505201E-05
50.96 0.00306146 3.471574E-05
50.98 0.002184571 3.384827E-05
51 0.002015255 3.121981E-05
51.02 0.005231099 3.044092E-05
51.04 0.005989554 3.062653E-05
51.06 0.005989554 3.101004E-05
51.08 0.005586518 3.072808E-05
51.1 0.0048738 2.924772E-05
51.12 0.0048738 2.893479E-05
51.14 0.005181604 2.93233E-05
51.16 0.003689352 2.971941E-05
51.18 0.003689352 2.980768E-05
51.2 0.003096702 2.757421E-05
51.22 0.003025444 2.608619E-05
51.24 0.003025444 2.5269E-05
51.26 0.002661425 2.47978E-05
51.28 0.002169568 2.19538E-05
51.3 0.002193986 2.002812E-05
51.32 0.001760987 1.881163E-05
51.34 0.001788694 1.755531E-05
51.36 0.001788694 1.670969E-05
51.38 0.00201989 1.591495E-05
51.4 0.002456955 1.315893E-05
51.42 0.002456955 1.214114E-05
51.44 0.005962002 1.189643E-05
51.46 0.009460447 1.233798E-05
51.48 0.009460447 1.409637E-05
51.5 0.007183677 1.713509E-05
51.52 0.007498442 1.803116E-05
51.54 0.007498442 1.915942E-05
51.56 0.00553955 2.028768E-05
51.58 0.00586257 2.145323E-05
51.6 0.006173512 2.211935E-05
51.62 0.005293947 2.287251E-05
51.64 0.009259474 2.336111E-05
51.66 0.009259474 2.512615E-05
51.68 0.005732866 2.783736E-05
51.7 0.005732866 2.849069E-05
51.72 0.005670992 2.916056E-05
51.74 0.005730763 2.981402E-05
51.76 0.004916149 2.99414E-05
51.78 0.00461391 2.939692E-05
51.8 0.004815086 2.91662E-05
51.82 0.004815086 2.883645E-05
51.84 0.004627896 2.882321E-05
51.86 0.003168114 2.876888E-05
51.88 0.003058955 2.829478E-05
51.9 0.004102204 2.819585E-05
51.92 0.00353526 2.83443E-05
51.94 0.00353526 2.841193E-05
51.96 0.005014708 2.848972E-05
51.98 0.007730729 2.973676E-05
52 0.007730729 3.101716E-05
52.02 0.002964488 3.229756E-05
52.04 0.001590843 3.238999E-05
52.06 0.001590843 3.237673E-05
52.08 0.002077732 3.273939E-05
52.1 0.001836582 3.274489E-05
52.12 0.001836582 3.270379E-05
52.14 0.002096256 3.264185E-05
52.16 0.002353669 3.260366E-05
52.18 0.002145229 2.995329E-05
52.2 0.002003758 2.797891E-05
52.22 0.001846561 2.670723E-05
52.24 0.001846561 2.558641E-05
52.26 0.001628681 2.435811E-05
52.28 0.005401438 2.307707E-05
52.3 0.003444709 2.295627E-05
52.32 0.001291632 2.243293E-05
52.34 0.0008302713 2.158539E-05
52.36 0.0008302713 2.094966E-05
52.38 0.000467879 1.698765E-05
52.4 0.000467879 1.58286E-05
52.42 0.0004019344 1.506937E-05
52.44 0.0004661423 1.430881E-05
52.46 0.00068912 1.356595E-05
52.48 0.001128889 1.226222E-05
52.5 0.0006095539 1.17298E-05
52.52 0.0006095539 1.124337E-05
52.54 0.0005670934 1.071282E-05
52.56 0.0006126653 9.691389E-06
52.58 0.0006126653 9.466701E-06
52.6 0.0006389374 9.242012E-06
52.62 0.0006097396 9.033897E-06
52.64 0.0006097396 8.651194E-06
52.66 0.0005625165 8.369187E-06
52.68 0.003013046 7.508694E-06
52.7 0.003013046 6.68001E-06
52.72 0.009411255 5.501272E-06
52.74 0.008076159 6.171215E-06
52.76 0.00866315 7.483685E-06
52.78 0.007751058 1.085668E-05
52.8 0.007466823 1.180125E-05
52.82 0.007466823 1.299745E-05
52.84 0.006414636 1.421559E-05
52.86 0.006421064 1.509407E-05
52.88 0.006501707 1.680496E-05
52.9 0.00660502 1.76592E-05
52.92 0.007623168 1.856675E-05
52.94 0.007623168 1.982483E-05
52.96 0.007071919 2.109699E-05
52.98 0.00663731 2.331352E-05
53 0.00663731 2.365953E-05
53.02 0.006570184 2.400553E-05
53.04 0.005776025 2.473347E-05
53.06 0.005776025 2.547054E-05
53.08 0.005669062 2.715931E-05
53.1 0.002051513 2.789695E-05
53.12 0.002051513 2.798974E-05
